1.000000000000000082e-05 0.000000000000000000e+00
1.062500000000000076e-05 0.000000000000000000e+00
1.125000000000000071e-05 0.000000000000000000e+00
1.187500000000000065e-05 0.000000000000000000e+00
1.250000000000000060e-05 0.000000000000000000e+00
1.375000000000000049e-05 0.000000000000000000e+00
1.500000000000000038e-05 0.000000000000000000e+00
1.624999999999999858e-05 0.000000000000000000e+00
1.749999999999999847e-05 0.000000000000000000e+00
1.874999999999999836e-05 0.000000000000000000e+00
2.000000000000000164e-05 0.000000000000000000e+00
2.187499999999999978e-05 0.000000000000000000e+00
2.375000000000000131e-05 0.000000000000000000e+00
2.562499999999999945e-05 0.000000000000000000e+00
2.750000000000000098e-05 0.000000000000000000e+00
2.937499999999999912e-05 0.000000000000000000e+00
3.125000000000000065e-05 0.000000000000000000e+00
3.312499999999999879e-05 0.000000000000000000e+00
3.499999999999999693e-05 0.000000000000000000e+00
3.874999999999999999e-05 0.000000000000000000e+00
4.250000000000000305e-05 0.000000000000000000e+00
4.624999999999999934e-05 0.000000000000000000e+00
5.000000000000000240e-05 0.000000000000000000e+00
5.312499999999999704e-05 0.000000000000000000e+00
5.624999999999999846e-05 0.000000000000000000e+00
5.937499999999999988e-05 0.000000000000000000e+00
6.250000000000000130e-05 0.000000000000000000e+00
6.875000000000000414e-05 0.000000000000000000e+00
7.499999999999999343e-05 0.000000000000000000e+00
8.124999999999999627e-05 0.000000000000000000e+00
8.749999999999999911e-05 0.000000000000000000e+00
9.375000000000000195e-05 0.000000000000000000e+00
1.000000000000000048e-04 0.000000000000000000e+00
1.062499999999999941e-04 0.000000000000000000e+00
1.124999999999999969e-04 0.000000000000000000e+00
1.187499999999999998e-04 0.000000000000000000e+00
1.250000000000000026e-04 0.000000000000000000e+00
1.375000000000000083e-04 0.000000000000000000e+00
1.499999999999999869e-04 0.000000000000000000e+00
1.624999999999999925e-04 0.000000000000000000e+00
1.749999999999999982e-04 0.000000000000000000e+00
1.875000000000000039e-04 0.000000000000000000e+00
2.000000000000000096e-04 0.000000000000000000e+00
2.187500000000000046e-04 0.000000000000000000e+00
2.374999999999999995e-04 0.000000000000000000e+00
2.562500000000000216e-04 0.000000000000000000e+00
2.750000000000000166e-04 0.000000000000000000e+00
2.937500000000000115e-04 0.000000000000000000e+00
3.125000000000000065e-04 0.000000000000000000e+00
3.312500000000000015e-04 0.000000000000000000e+00
3.499999999999999964e-04 0.000000000000000000e+00
3.874999999999999864e-04 0.000000000000000000e+00
4.249999999999999763e-04 0.000000000000000000e+00
4.555488000000000115e-04 0.000000000000000000e+00
4.555490000000000255e-04 0.000000000000000000e+00
4.625000000000000205e-04 0.000000000000000000e+00
5.000000000000000104e-04 0.000000000000000000e+00
5.312500000000000382e-04 0.000000000000000000e+00
5.624999999999999575e-04 0.000000000000000000e+00
5.937499999999999853e-04 0.000000000000000000e+00
6.250000000000000130e-04 0.000000000000000000e+00
6.874999999999999601e-04 0.000000000000000000e+00
7.500000000000000156e-04 0.000000000000000000e+00
8.124999999999999627e-04 0.000000000000000000e+00
8.750000000000000182e-04 0.000000000000000000e+00
9.374999999999999653e-04 0.000000000000000000e+00
1.000000000000000021e-03 0.000000000000000000e+00
1.062500000000000076e-03 0.000000000000000000e+00
1.124999999999999915e-03 0.000000000000000000e+00
1.187499999999999971e-03 0.000000000000000000e+00
1.250000000000000026e-03 0.000000000000000000e+00
1.374999999999999920e-03 0.000000000000000000e+00
1.500000000000000031e-03 0.000000000000000000e+00
1.624999999999999925e-03 0.000000000000000000e+00
1.750000000000000036e-03 0.000000000000000000e+00
1.822194999999999978e-03 0.000000000000000000e+00
1.822197000000000009e-03 7.394726999999999606e+00
1.874999999999999931e-03 7.186480000000000423e+00
2.000000000000000042e-03 6.737325000000000230e+00
2.187500000000000208e-03 6.159839999999999982e+00
2.374999999999999941e-03 5.673536999999999608e+00
2.562500000000000108e-03 5.258399999999999963e+00
2.749999999999999840e-03 4.899873000000000367e+00
2.937500000000000007e-03 4.587114999999999831e+00
3.125000000000000173e-03 4.311887999999999721e+00
3.312499999999999906e-03 4.067819000000000074e+00
3.500000000000000073e-03 3.849899999999999878e+00
3.874999999999999972e-03 3.477329000000000114e+00
4.099939000000000361e-03 3.286548999999999943e+00
4.099941000000000176e-03 3.286547000000000107e+00
4.250000000000000305e-03 3.170506000000000046e+00
4.515510999999999830e-03 2.984081000000000206e+00
4.515512999999999645e-03 3.331186999999999898e+00
4.624999999999999771e-03 3.252329000000000025e+00
4.971060000000000235e-03 3.025917999999999886e+00
4.971062000000000050e-03 4.821734000000000187e+00
5.000000000000000104e-03 4.793828000000000422e+00
5.312500000000000382e-03 4.511838000000000015e+00
5.624999999999999792e-03 4.261180000000000412e+00
5.937500000000000069e-03 4.036908000000000385e+00
6.250000000000000347e-03 3.835062000000000193e+00
6.337706000000000242e-03 3.781989999999999963e+00
6.337708000000000057e-03 4.192848999999999826e+00
6.875000000000000035e-03 3.865171000000000134e+00
7.288781000000000253e-03 3.645747000000000071e+00
7.288783000000000067e-03 4.526682000000000095e+00
7.499999999999999722e-03 4.399200000000000443e+00
8.125000000000000278e-03 4.060800000000000409e+00
8.615450999999999665e-03 3.829631000000000007e+00
8.615453000000000347e-03 4.591872000000000398e+00
8.750000000000000833e-03 4.521264000000000394e+00
9.374999999999999653e-03 4.219846000000000430e+00
1.000000000000000021e-02 3.956106000000000122e+00
1.062500000000000076e-02 3.723393999999999870e+00
1.124999999999999958e-02 3.516538999999999859e+00
1.138870999999999981e-02 3.473708999999999936e+00
1.138872999999999969e-02 3.473702999999999985e+00
1.180428000000000033e-02 3.351417000000000090e+00
1.180430000000000021e-02 3.505453999999999848e+00
1.187500000000000014e-02 3.484583999999999904e+00
1.250000000000000069e-02 3.310353999999999797e+00
1.354652999999999934e-02 3.054615000000000080e+00
1.354654999999999922e-02 4.041784999999999961e+00
1.375000000000000007e-02 3.981981000000000215e+00
1.400207000000000014e-02 3.910296000000000216e+00
1.400209000000000002e-02 3.910290999999999961e+00
1.499999999999999944e-02 3.650148999999999866e+00
1.536872000000000064e-02 3.562575999999999965e+00
1.536874000000000053e-02 5.170425999999999966e+00
1.590422000000000016e-02 4.996342000000000283e+00
1.590424000000000004e-02 5.281365000000000087e+00
1.625000000000000056e-02 5.168991000000000113e+00
1.639975000000000113e-02 5.121790999999999983e+00
1.639977000000000101e-02 5.362696999999999825e+00
1.750000000000000167e-02 5.025541999999999732e+00
1.764647000000000091e-02 4.983829000000000065e+00
1.764649000000000079e-02 4.983823000000000114e+00
1.806204000000000143e-02 4.869162000000000212e+00
1.806206000000000131e-02 4.907669000000000281e+00
1.851759000000000044e-02 4.786940999999999669e+00
1.851761000000000032e-02 5.008651999999999660e+00
1.874999999999999931e-02 4.946574000000000026e+00
1.988422999999999927e-02 4.664412999999999698e+00
1.988424999999999915e-02 4.730032999999999710e+00
2.000000000000000042e-02 4.702657999999999561e+00
2.083530999999999925e-02 4.514122999999999664e+00
2.083532999999999913e-02 5.484886000000000372e+00
2.091526000000000149e-02 5.463923999999999559e+00
2.091528000000000137e-02 5.524200000000000443e+00
2.132500000000000021e-02 5.418063000000000073e+00
2.216198000000000126e-02 5.213441999999999688e+00
2.216200000000000114e-02 5.377434000000000047e+00
2.232189000000000048e-02 5.338916000000000217e+00
2.232191000000000036e-02 5.338911000000000406e+00
2.264999999999999999e-02 5.261575999999999809e+00
2.397499999999999978e-02 4.970790000000000042e+00
2.493524999999999908e-02 4.779366999999999699e+00
2.493526999999999896e-02 4.779363000000000028e+00
2.529999999999999957e-02 4.710461999999999705e+00
2.535081999999999960e-02 4.701019999999999754e+00
2.535083999999999949e-02 4.744462000000000401e+00
2.683740000000000084e-02 4.481659999999999755e+00
2.683742000000000072e-02 4.599764000000000408e+00
2.684374999999999956e-02 4.598678999999999739e+00
2.838749999999999954e-02 4.348596999999999824e+00
2.915511999999999965e-02 4.234104000000000312e+00
2.915513999999999953e-02 4.324945999999999735e+00
2.945075999999999944e-02 4.281532999999999589e+00
2.945077999999999932e-02 4.381935000000000358e+00
2.993124999999999952e-02 4.311594000000000371e+00
2.994629000000000041e-02 4.309428999999999732e+00
2.994631000000000029e-02 4.829403000000000112e+00
3.147500000000000298e-02 4.594846999999999682e+00
3.160857000000000250e-02 4.575429999999999886e+00
3.160858999999999891e-02 4.604962999999999695e+00
3.206412000000000151e-02 4.539540999999999826e+00
3.206413999999999792e-02 4.712285999999999753e+00
3.343076999999999854e-02 4.519650999999999641e+00
3.343079000000000189e-02 4.573089999999999655e+00
3.367063000000000000e-02 4.540515000000000079e+00
3.367065000000000335e-02 4.566891000000000034e+00
3.446180000000000077e-02 4.462048000000000236e+00
3.446181999999999718e-02 4.487345999999999613e+00
3.456250000000000294e-02 4.474274000000000306e+00
3.570850999999999886e-02 4.330678999999999945e+00
3.570853000000000221e-02 4.473025999999999947e+00
3.586841999999999808e-02 4.453087000000000018e+00
3.586844000000000143e-02 4.453084999999999738e+00
3.689945000000000030e-02 4.328661000000000314e+00
3.689946999999999672e-02 4.328657999999999895e+00
3.765000000000000291e-02 4.242369000000000057e+00
3.889735999999999888e-02 4.106325000000000003e+00
3.889738000000000223e-02 4.146904000000000146e+00
4.038392999999999844e-02 3.994254999999999889e+00
4.038395000000000179e-02 4.051047999999999760e+00
4.063959999999999795e-02 4.025564000000000142e+00
4.063962000000000130e-02 4.175247999999999848e+00
4.073750000000000288e-02 4.165216000000000030e+00
4.109514999999999696e-02 4.128967000000000276e+00
4.109517000000000031e-02 4.128964999999999996e+00
4.141496000000000066e-02 4.097082000000000335e+00
4.141497999999999707e-02 4.151272999999999769e+00
4.246178999999999926e-02 4.048931999999999753e+00
4.246181000000000261e-02 4.324786999999999715e+00
4.270166000000000239e-02 4.300495999999999874e+00
4.270167999999999880e-02 4.573450000000000237e+00
4.299730000000000218e-02 4.542005999999999766e+00
4.299731999999999860e-02 4.643044999999999867e+00
4.382500000000000284e-02 4.555356999999999879e+00
4.473954000000000125e-02 4.462239000000000289e+00
4.473955999999999766e-02 4.462237000000000009e+00
4.555487999999999899e-02 4.382374000000000436e+00
4.555490000000000234e-02 4.422634999999999650e+00
4.691250000000000281e-02 4.294648999999999717e+00
4.721717000000000275e-02 4.266937000000000424e+00
4.721718999999999916e-02 4.281036000000000286e+00
4.792837999999999959e-02 4.217512000000000150e+00
4.792840000000000295e-02 4.436740999999999602e+00
4.800833000000000184e-02 4.429354000000000013e+00
4.800834999999999825e-02 4.456667999999999630e+00
5.000000000000000278e-02 4.279145999999999894e+00
5.007038999999999934e-02 4.273130000000000095e+00
5.007041000000000269e-02 4.285720999999999670e+00
5.312499999999999861e-02 4.039299999999999891e+00
5.393047000000000119e-02 3.978971000000000036e+00
5.393048999999999760e-02 4.131209000000000131e+00
5.496150000000000341e-02 4.053711999999999982e+00
5.496151999999999982e-02 4.085175999999999696e+00
5.512141000000000263e-02 4.073325999999999780e+00
5.512142999999999904e-02 4.402867999999999782e+00
5.625000000000000139e-02 4.314531999999999812e+00
5.828607000000000232e-02 4.163814999999999600e+00
5.828608999999999873e-02 4.163813000000000208e+00
5.870163999999999938e-02 4.134337999999999624e+00
5.870166000000000273e-02 4.143530000000000157e+00
5.910142000000000173e-02 4.115503000000000355e+00
5.910143999999999814e-02 4.315005000000000202e+00
5.937499999999999722e-02 4.295124000000000386e+00
5.963692000000000298e-02 4.276259999999999728e+00
5.963693999999999940e-02 4.478641999999999790e+00
6.250000000000000000e-02 4.273480000000000167e+00
6.280157999999999574e-02 4.252957999999999572e+00
6.280159999999999909e-02 4.301045000000000229e+00
6.296148999999999496e-02 4.290122000000000213e+00
6.296150999999999831e-02 4.290121000000000073e+00
6.361693000000000209e-02 4.245922000000000196e+00
6.361695000000000544e-02 4.253725000000000200e+00
6.559903000000000262e-02 4.125198000000000143e+00
6.559905000000000597e-02 4.202342999999999940e+00
6.875000000000000555e-02 4.009741000000000000e+00
6.979472999999999927e-02 3.949720999999999815e+00
6.979475000000000262e-02 4.091154000000000401e+00
7.011454000000000297e-02 4.072494999999999976e+00
7.011456000000000632e-02 4.221066000000000429e+00
7.407038000000000511e-02 3.995635000000000048e+00
7.407039999999999458e-02 4.029298999999999964e+00
7.499999999999999722e-02 3.979356999999999811e+00
7.698774999999999369e-02 3.876614000000000004e+00
7.698776999999999704e-02 3.974400000000000155e+00
8.102354000000000500e-02 3.776435999999999904e+00
8.102355999999999447e-02 3.804389000000000021e+00
8.125000000000000278e-02 3.793785999999999881e+00
8.150327000000000266e-02 3.781997000000000053e+00
8.150329000000000601e-02 3.886708000000000052e+00
8.579472000000000487e-02 3.692295999999999800e+00
8.579473999999999434e-02 3.696396000000000015e+00
8.619448999999999861e-02 3.679253000000000107e+00
8.619451000000000196e-02 3.812858999999999998e+00
8.749999999999999445e-02 3.755971000000000171e+00
8.928758000000000528e-02 3.680775000000000130e+00
8.928759999999999475e-02 3.720489999999999853e+00
9.375000000000000000e-02 3.543397999999999826e+00
9.380309000000000563e-02 3.541392999999999791e+00
9.380310999999999511e-02 3.769374000000000002e+00
9.892568000000000195e-02 3.574187999999999921e+00
9.892570000000000530e-02 3.621196999999999999e+00
1.000000000000000056e-01 3.582294000000000089e+00
1.014031999999999989e-01 3.532722999999999836e+00
1.014034000000000046e-01 3.629731000000000041e+00
1.024984000000000034e-01 3.590955000000000119e+00
1.024985999999999953e-01 3.692830999999999975e+00
1.062499999999999972e-01 3.562447000000000141e+00
1.081165000000000043e-01 3.500945999999999891e+00
1.081166999999999961e-01 3.515228000000000019e+00
1.085962000000000038e-01 3.499706999999999901e+00
1.085963999999999957e-01 3.513834999999999820e+00
1.091475999999999974e-01 3.496090000000000142e+00
1.091478000000000032e-01 3.598479000000000205e+00
1.125000000000000028e-01 3.491254000000000079e+00
1.147099000000000035e-01 3.423995000000000122e+00
1.147100999999999954e-01 3.430153999999999925e+00
1.166203999999999991e-01 3.373965999999999799e+00
1.166206000000000048e-01 3.447239999999999860e+00
1.187499999999999944e-01 3.385425000000000129e+00
1.226941000000000004e-01 3.276597999999999900e+00
1.226943000000000061e-01 3.314597000000000016e+00
1.239808000000000021e-01 3.280202000000000062e+00
1.239809999999999940e-01 3.334170999999999996e+00
1.242763999999999952e-01 3.326245000000000118e+00
1.242766000000000010e-01 3.346236999999999906e+00
1.250000000000000000e-01 3.326871999999999829e+00
1.273694999999999966e-01 3.264981000000000133e+00
1.273697000000000024e-01 3.299361999999999906e+00
1.299270999999999898e-01 3.234420000000000073e+00
1.299272999999999956e-01 3.294039999999999857e+00
1.316535000000000066e-01 3.250849000000000100e+00
1.316537000000000124e-01 3.290580999999999978e+00
1.375000000000000111e-01 3.150670999999999999e+00
1.383185000000000109e-01 3.132026000000000199e+00
1.383186999999999889e-01 3.152209000000000039e+00
1.399807999999999886e-01 3.114780999999999800e+00
1.399809999999999943e-01 3.115997000000000128e+00
1.403804999999999914e-01 3.107130000000000170e+00
1.403806999999999972e-01 3.162841999999999931e+00
1.420427999999999968e-01 3.125831999999999944e+00
1.420430000000000026e-01 3.129341000000000150e+00
1.431379999999999875e-01 3.105402000000000218e+00
1.431381999999999932e-01 3.132890999999999870e+00
1.475976999999999983e-01 3.038234000000000101e+00
1.475979000000000041e-01 3.087047000000000097e+00
1.499999999999999944e-01 3.037611000000000061e+00
1.555893999999999888e-01 2.928487000000000062e+00
1.555895999999999946e-01 2.930301000000000045e+00
1.563805000000000056e-01 2.915481000000000211e+00
1.563807000000000114e-01 2.917266999999999832e+00
1.572600000000000109e-01 2.900955999999999868e+00
1.572601999999999889e-01 3.005346999999999991e+00
1.625000000000000056e-01 2.908438999999999997e+00
1.644530999999999910e-01 2.873898000000000064e+00
1.644532999999999967e-01 2.930301000000000045e+00
1.739469999999999905e-01 2.770370999999999917e+00
1.739471999999999963e-01 2.771673999999999971e+00
1.747466000000000019e-01 2.758993999999999946e+00
1.747468000000000077e-01 2.817809000000000008e+00
1.749999999999999889e-01 2.813731999999999900e+00
1.822195000000000065e-01 2.702252999999999794e+00
1.822197000000000122e-01 2.774525000000000130e+00
1.875000000000000000e-01 2.696390000000000065e+00
1.917135000000000089e-01 2.637128000000000139e+00
1.917136999999999869e-01 2.682780000000000165e+00
2.000000000000000111e-01 2.571628000000000025e+00
2.002815000000000012e-01 2.568013999999999797e+00
2.002817000000000069e-01 2.568430999999999909e+00
2.008969999999999922e-01 2.560563999999999840e+00
2.008971999999999980e-01 2.601304999999999978e+00
2.112063000000000135e-01 2.474333000000000116e+00
2.112064999999999915e-01 2.479964999999999975e+00
2.114462000000000008e-01 2.477154000000000078e+00
2.114464000000000066e-01 2.489076999999999984e+00
2.138279999999999903e-01 2.461354000000000042e+00
2.138281999999999961e-01 2.462026999999999965e+00
2.144435000000000091e-01 2.454962000000000089e+00
2.144436999999999871e-01 2.454959999999999809e+00
2.153861999999999999e-01 2.444217000000000084e+00
2.153864000000000056e-01 2.459636999999999851e+00
2.187500000000000000e-01 2.421816000000000191e+00
2.189589999999999870e-01 2.419505000000000017e+00
2.189591999999999927e-01 2.420748000000000122e+00
2.204856000000000038e-01 2.403989999999999849e+00
2.204858000000000096e-01 2.445673999999999904e+00
2.325056000000000067e-01 2.319240000000000190e+00
2.325058000000000125e-01 2.320755000000000123e+00
2.326487000000000138e-01 2.319329999999999892e+00
2.326488999999999918e-01 2.336920000000000108e+00
2.367012000000000005e-01 2.296911999999999843e+00
2.367014000000000062e-01 2.302112000000000158e+00
2.374999999999999889e-01 2.294370999999999938e+00
2.385475999999999985e-01 2.284295000000000186e+00
2.385478000000000043e-01 2.286826000000000025e+00
2.409853000000000134e-01 2.263694999999999791e+00
2.409854999999999914e-01 2.297212000000000032e+00
2.530926000000000009e-01 2.187320999999999849e+00
2.530928000000000067e-01 2.187319000000000013e+00
2.544677000000000189e-01 2.175501000000000129e+00
2.544679000000000246e-01 2.183098000000000205e+00
2.562499999999999778e-01 2.167915999999999954e+00
2.590472999999999804e-01 2.144505999999999801e+00
2.590474999999999861e-01 2.157405999999999935e+00
2.623961000000000210e-01 2.129874000000000045e+00
2.623963000000000267e-01 2.157817000000000096e+00
2.750000000000000222e-01 2.058920999999999779e+00
2.759017000000000275e-01 2.052191999999999794e+00
2.759018999999999777e-01 2.052992000000000150e+00
2.759425999999999823e-01 2.052688999999999986e+00
2.759427999999999881e-01 2.054822000000000148e+00
2.763813999999999993e-01 2.051560999999999968e+00
2.763816000000000050e-01 2.057255000000000056e+00
2.773409000000000013e-01 2.050139000000000156e+00
2.773411000000000071e-01 2.053917999999999910e+00
2.804580999999999880e-01 2.031090999999999980e+00
2.804582999999999937e-01 2.035944000000000198e+00
2.847180000000000266e-01 2.005484000000000044e+00
2.847181999999999769e-01 2.028988000000000014e+00
2.937500000000000111e-01 1.966604000000000019e+00
2.996868999999999783e-01 1.927643999999999913e+00
2.996870999999999841e-01 1.928217000000000070e+00
3.003814000000000206e-01 1.923759999999999915e+00
3.003816000000000264e-01 1.927356000000000069e+00
3.027799999999999936e-01 1.912088999999999928e+00
3.027801999999999993e-01 1.921966000000000063e+00
3.079509999999999748e-01 1.889694999999999903e+00
3.079511999999999805e-01 1.906608999999999998e+00
3.125000000000000000e-01 1.878856000000000082e+00
3.237027000000000099e-01 1.813832000000000111e+00
3.237029000000000156e-01 1.816038000000000041e+00
3.237585000000000046e-01 1.815727000000000091e+00
3.237587000000000104e-01 1.816896000000000067e+00
3.253576000000000246e-01 1.807968000000000020e+00
3.253577999999999748e-01 1.808572999999999986e+00
3.260129999999999972e-01 1.804937999999999931e+00
3.260132000000000030e-01 1.809458999999999929e+00
3.312499999999999889e-01 1.780853000000000019e+00
3.320950999999999764e-01 1.776321000000000039e+00
3.320952999999999822e-01 1.789373000000000102e+00
3.492933999999999761e-01 1.701270000000000060e+00
3.492935999999999819e-01 1.702938000000000063e+00
3.499999999999999778e-01 1.699500999999999928e+00
3.501570999999999989e-01 1.698738000000000081e+00
3.501573000000000047e-01 1.701540999999999970e+00
3.571501999999999732e-01 1.668225000000000069e+00
3.571503999999999790e-01 1.682844000000000007e+00
3.751871999999999985e-01 1.601942999999999895e+00
3.751874000000000042e-01 1.602011999999999992e+00
3.752122999999999986e-01 1.601906000000000052e+00
3.752125000000000044e-01 1.606020999999999921e+00
3.831165000000000265e-01 1.572886999999999924e+00
3.831166999999999767e-01 1.581757000000000080e+00
3.875000000000000111e-01 1.563865000000000061e+00
4.022801999999999767e-01 1.506407000000000052e+00
4.022803999999999824e-01 1.506456000000000017e+00
4.023768999999999818e-01 1.506094999999999962e+00
4.023770999999999876e-01 1.506143999999999927e+00
4.026558000000000082e-01 1.505101000000000022e+00
4.026560000000000139e-01 1.505894999999999984e+00
4.034794999999999909e-01 1.502820999999999962e+00
4.034796999999999967e-01 1.502893999999999952e+00
4.035437000000000052e-01 1.502655999999999992e+00
4.035439000000000109e-01 1.503047999999999940e+00
4.043432000000000137e-01 1.500075999999999965e+00
4.043434000000000195e-01 1.502353000000000049e+00
4.099939000000000222e-01 1.481648000000000076e+00
4.099940999999999725e-01 1.488993999999999929e+00
4.249999999999999889e-01 1.436420000000000030e+00
4.313312000000000257e-01 1.415335999999999927e+00
4.313313999999999759e-01 1.415335999999999927e+00
4.313553999999999999e-01 1.415256999999999987e+00
4.313556000000000057e-01 1.417440999999999951e+00
4.365904999999999925e-01 1.400446000000000080e+00
4.365906999999999982e-01 1.400722000000000023e+00
4.377824000000000160e-01 1.396908999999999956e+00
4.377826000000000217e-01 1.402212000000000014e+00
4.597993000000000219e-01 1.335069000000000061e+00
4.597995000000000276e-01 1.335093000000000085e+00
4.603264000000000244e-01 1.333564999999999889e+00
4.603265999999999747e-01 1.333638000000000101e+00
4.608228999999999798e-01 1.332200999999999969e+00
4.608230999999999855e-01 1.332200999999999969e+00
4.612859000000000265e-01 1.330864000000000047e+00
4.612860999999999767e-01 1.330935999999999897e+00
4.622453999999999730e-01 1.328173999999999966e+00
4.622455999999999787e-01 1.329115000000000046e+00
4.664820000000000078e-01 1.317044000000000104e+00
4.664822000000000135e-01 1.321693999999999924e+00
4.898896999999999835e-01 1.258542000000000050e+00
4.898898999999999893e-01 1.258780999999999928e+00
4.946535000000000237e-01 1.246658999999999962e+00
4.946536999999999740e-01 1.247079999999999966e+00
4.960043000000000091e-01 1.243684000000000012e+00
4.960045000000000148e-01 1.243706999999999896e+00
4.960926999999999976e-01 1.243486000000000091e+00
4.960929000000000033e-01 1.247522999999999938e+00
5.000000000000000000e-01 1.237773999999999930e+00
5.211784999999999890e-01 1.187475999999999976e+00
5.211786999999999948e-01 1.187535000000000007e+00
5.228817000000000048e-01 1.183667000000000025e+00
5.228819000000000106e-01 1.183917000000000108e+00
5.266144000000000380e-01 1.175526000000000071e+00
5.266146000000000438e-01 1.178303000000000100e+00
5.532742000000000493e-01 1.121526000000000023e+00
5.532744000000000550e-01 1.121591000000000005e+00
5.533550999999999886e-01 1.121428000000000091e+00
5.533552999999999944e-01 1.121696999999999944e+00
5.580473000000000239e-01 1.112265999999999977e+00
5.580475000000000296e-01 1.114311999999999969e+00
5.860988999999999782e-01 1.060978999999999894e+00
5.860990999999999840e-01 1.061069000000000040e+00
5.862420000000000408e-01 1.060810000000000031e+00
5.862422000000000466e-01 1.061034000000000033e+00
5.903912999999999522e-01 1.053577999999999903e+00
5.903914999999999580e-01 1.055101999999999984e+00
6.202240999999999449e-01 1.004351999999999911e+00
6.202242999999999506e-01 1.004356000000000027e+00
6.202883000000000147e-01 1.004251999999999923e+00
6.202885000000000204e-01 1.004251999999999923e+00
6.210877999999999677e-01 1.002958999999999934e+00
6.210879999999999734e-01 1.003073000000000103e+00
6.236464000000000452e-01 9.989576000000000011e-01
6.236466000000000509e-01 1.000051000000000023e+00
6.250000000000000000e-01 9.978850000000000220e-01
6.552548999999999735e-01 9.518098999999999865e-01
6.552550999999999792e-01 9.518432000000000004e-01
6.575223999999999513e-01 9.485609999999999875e-01
6.575225999999999571e-01 9.485808999999999491e-01
6.578125000000000222e-01 9.481629000000000307e-01
6.578127000000000280e-01 9.490804999999999936e-01
6.915769999999999973e-01 9.027443000000000550e-01
6.915772000000000030e-01 9.027492999999999768e-01
6.925364999999999993e-01 9.014988000000000445e-01
6.925367000000000051e-01 9.015011000000000552e-01
6.928898000000000001e-01 9.010416999999999454e-01
6.928900000000000059e-01 9.016920000000000490e-01
7.278936000000000295e-01 8.583307000000000020e-01
7.278938000000000352e-01 8.583490999999999760e-01
7.285964000000000329e-01 8.575213999999999892e-01
7.285966000000000387e-01 8.575217000000000533e-01
7.288780999999999732e-01 8.571904999999999664e-01
7.288782999999999790e-01 8.576156999999999808e-01
7.500000000000000000e-01 8.334633000000000180e-01
7.657775999999999472e-01 8.162911999999999946e-01
7.657777999999999530e-01 8.166345000000000409e-01
8.051454000000000111e-01 7.767051999999999845e-01
8.051456000000000168e-01 7.767091000000000411e-01
8.057775999999999827e-01 7.760998999999999537e-01
8.057777999999999885e-01 7.761008999999999824e-01
8.064171999999999452e-01 7.754855999999999971e-01
8.064173999999999509e-01 7.754898000000000069e-01
8.081036999999999804e-01 7.738715999999999928e-01
8.081038999999999861e-01 7.740531999999999968e-01
8.423097999999999974e-01 7.426192000000000348e-01
8.423100000000000032e-01 7.427901999999999560e-01
8.750000000000000000e-01 7.150395000000000501e-01
8.850402000000000546e-01 7.069279000000000535e-01
8.850403999999999494e-01 7.069370999999999849e-01
8.864581000000000266e-01 7.058065000000000033e-01
8.864583000000000323e-01 7.059043000000000401e-01
9.224864000000000397e-01 6.783348999999999629e-01
9.224866000000000454e-01 6.784086999999999756e-01
9.687442000000000553e-01 6.460145999999999944e-01
9.687443999999999500e-01 6.460147000000000528e-01
9.689588999999999563e-01 6.458717000000000485e-01
9.689590999999999621e-01 6.458808999999999800e-01
9.743277999999999661e-01 6.423219999999999485e-01
9.743279999999999719e-01 6.423254999999999937e-01
9.781655999999999684e-01 6.398055000000000270e-01
9.781657999999999742e-01 6.398082000000000491e-01
9.818824999999999914e-01 6.373862999999999612e-01
9.818826999999999972e-01 6.373864000000000196e-01
9.820033999999999708e-01 6.373081000000000440e-01
9.820035999999999765e-01 6.373311999999999866e-01
1.000000000000000000e+00 6.258614999999999595e-01
1.006307000000000063e+00 6.219388999999999612e-01
1.006308999999999898e+00 6.219774999999999610e-01
1.056853000000000042e+00 5.922315000000000218e-01
1.056855000000000100e+00 5.922304999999999930e-01
1.058046999999999960e+00 5.915633000000000141e-01
1.058049000000000017e+00 5.915629000000000026e-01
1.058510000000000062e+00 5.913051999999999753e-01
1.058511999999999897e+00 5.913041999999999465e-01
1.058645000000000058e+00 5.912298999999999749e-01
1.058646999999999894e+00 5.912325999999999970e-01
1.063568999999999987e+00 5.884964999999999780e-01
1.063571000000000044e+00 5.884962999999999722e-01
1.067646000000000095e+00 5.862500999999999962e-01
1.067647999999999930e+00 5.862608000000000263e-01
1.093771999999999966e+00 5.722583999999999449e-01
1.093774000000000024e+00 5.722762000000000127e-01
1.148601999999999901e+00 5.449587999999999655e-01
1.148603999999999958e+00 5.449578999999999951e-01
1.148819999999999952e+00 5.448553999999999897e-01
1.148822000000000010e+00 5.448547999999999725e-01
1.150314000000000059e+00 5.441481000000000234e-01
1.150315999999999894e+00 5.441473000000000004e-01
1.152417999999999942e+00 5.431546999999999903e-01
1.152420000000000000e+00 5.431542000000000314e-01
1.155969999999999942e+00 5.414862000000000286e-01
1.155972000000000000e+00 5.414854000000000056e-01
1.156932999999999989e+00 5.410357000000000083e-01
1.156935000000000047e+00 5.410403000000000295e-01
1.184881999999999991e+00 5.282791999999999488e-01
1.184884000000000048e+00 5.282856999999999692e-01
1.244866000000000028e+00 5.028310999999999753e-01
1.244868000000000086e+00 5.028302999999999523e-01
1.245257999999999976e+00 5.026728000000000307e-01
1.245260000000000034e+00 5.026720999999999551e-01
1.247697999999999974e+00 5.016899000000000219e-01
1.247700000000000031e+00 5.016893999999999521e-01
1.249865000000000004e+00 5.008204000000000544e-01
1.249867000000000061e+00 5.008219999999999894e-01
1.250000000000000000e+00 5.007686999999999555e-01
1.279635999999999996e+00 4.891711000000000253e-01
1.279638000000000053e+00 4.891738999999999948e-01
1.343920999999999921e+00 4.657755000000000090e-01
1.343922999999999979e+00 4.657747999999999888e-01
1.344691000000000081e+00 4.655088000000000004e-01
1.344692999999999916e+00 4.655081999999999831e-01
1.346441999999999917e+00 4.649035000000000251e-01
1.346443999999999974e+00 4.649035999999999724e-01
1.378033999999999981e+00 4.542460999999999860e-01
1.378036000000000039e+00 4.542471000000000148e-01
1.447426000000000101e+00 4.324702999999999742e-01
1.447427999999999937e+00 4.324697000000000124e-01
1.448865000000000069e+00 4.320408000000000026e-01
1.448866999999999905e+00 4.320401999999999854e-01
1.449983999999999940e+00 4.317074000000000189e-01
1.449985999999999997e+00 4.317068000000000016e-01
1.450282999999999989e+00 4.316184000000000132e-01
1.450285000000000046e+00 4.316180000000000017e-01
1.469240000000000101e+00 4.260495999999999728e-01
1.469241999999999937e+00 4.260491000000000139e-01
1.480077000000000087e+00 4.229301999999999784e-01
1.480078999999999922e+00 4.229302999999999813e-01
1.500000000000000000e+00 4.173135000000000039e-01
1.554110000000000102e+00 4.027837000000000223e-01
1.554111999999999938e+00 4.027832000000000079e-01
1.554138999999999937e+00 4.027761999999999731e-01
1.554140999999999995e+00 4.027757000000000143e-01
1.554718999999999962e+00 4.026258999999999810e-01
1.554721000000000020e+00 4.026254000000000222e-01
1.555215999999999932e+00 4.024973000000000023e-01
1.555217999999999989e+00 4.024967999999999879e-01
1.561436000000000046e+00 4.008939999999999726e-01
1.561438000000000104e+00 4.008935000000000137e-01
1.564073999999999964e+00 4.002178000000000124e-01
1.564076000000000022e+00 4.002172999999999981e-01
1.565522999999999998e+00 3.998474000000000195e-01
1.565525000000000055e+00 3.998469000000000051e-01
1.565963999999999912e+00 3.997348000000000012e-01
1.565965999999999969e+00 3.997342999999999869e-01
1.566708999999999907e+00 3.995446999999999749e-01
1.566710999999999965e+00 3.995442000000000160e-01
1.568629000000000051e+00 3.990557000000000132e-01
1.568631000000000109e+00 3.990551999999999988e-01
1.573104999999999976e+00 3.979202000000000017e-01
1.573107000000000033e+00 3.979197999999999902e-01
1.585765000000000091e+00 3.947435000000000249e-01
1.585766999999999927e+00 3.947432000000000163e-01
1.665200000000000014e+00 3.759133000000000058e-01
1.665202000000000071e+00 3.759127999999999914e-01
1.665440000000000031e+00 3.758591000000000015e-01
1.665442000000000089e+00 3.758586999999999900e-01
1.666997999999999980e+00 3.755078000000000027e-01
1.667000000000000037e+00 3.755073999999999912e-01
1.667027000000000037e+00 3.755012999999999823e-01
1.667029000000000094e+00 3.755008000000000234e-01
1.680614999999999970e+00 3.724652999999999992e-01
1.680617000000000028e+00 3.724648999999999877e-01
1.695095999999999936e+00 3.692833999999999839e-01
1.695097999999999994e+00 3.692830999999999753e-01
1.750000000000000000e+00 3.576977000000000073e-01
1.779930999999999930e+00 3.516827000000000147e-01
1.779932999999999987e+00 3.516823000000000032e-01
1.791768999999999945e+00 3.493591999999999809e-01
1.791771000000000003e+00 3.493588000000000249e-01
2.000000000000000000e+00 3.129855000000000276e-01
2.187500000000000000e+00 2.861581999999999737e-01
2.375000000000000000e+00 2.635666999999999871e-01
2.562500000000000000e+00 2.442814000000000096e-01
2.750000000000000000e+00 2.276257999999999893e-01
3.125000000000000000e+00 2.003107000000000082e-01
3.500000000000000000e+00 1.788489000000000051e-01
3.875000000000000000e+00 1.615408999999999873e-01
4.250000000000000000e+00 1.472873000000000099e-01
4.625000000000000000e+00 1.353450999999999960e-01
4.999998999999999860e+00 1.251942000000000055e-01
5.000000000000000000e+00 1.251942000000000055e-01
5.000001000000000140e+00 0.000000000000000000e+00
2.000000000000000000e+07 0.000000000000000000e+00
