1.0E-5	78.45982
1.0625E-5	76.12462
1.125E-5	73.98703
1.1875E-5	72.0207
1.25E-5	70.20393
1.375E-5	66.94986
1.5E-5	64.11208
1.625E-5	61.60888
1.75E-5	59.37936
1.875E-5	57.37706
2.0E-5	55.56591
2.1875E-5	53.14666
2.375E-5	51.0205
2.5625E-5	49.13275
2.75E-5	47.44201
2.9375E-5	45.9163
3.125E-5	44.53045
3.3125E-5	43.26437
3.5E-5	42.10179
3.75E-5	40.68994
4.0E-5	39.41314
4.25E-5	38.25115
4.625E-5	36.68891
5.0E-5	35.3067
5.3125E-5	34.26906
5.625E-5	33.31959
5.9375E-5	32.44652
6.25E-5	31.64017
6.875E-5	30.19673
7.5E-5	28.93892
8.0E-5	28.04148
8.75E-5	26.84359
9.375E-5	25.95816
1.0E-4	25.15786
1.0625E-4	24.42996
1.125E-4	23.76424
1.1875E-4	23.15238
1.25E-4	22.58755
1.375E-4	21.57716
1.5E-4	20.69755
1.625E-4	19.92298
1.75E-4	19.23428
1.875E-4	18.61684
2.0E-4	18.05929
2.1875E-4	17.31612
2.375E-4	16.66466
2.5625E-4	16.08773
2.75E-4	15.57232
2.9375E-4	15.10839
3.125E-4	14.68807
3.3125E-4	14.30503
3.5E-4	13.9542
3.75E-4	13.52938
4.0E-4	13.14647
4.25E-4	12.79916
4.625E-4	12.33413
5.0E-4	11.92472
5.3125E-4	11.61876
5.625E-4	11.33994
5.9375E-4	11.08459
6.25E-4	10.84972
6.875E-4	10.43176
7.5E-4	10.07045
8.0E-4	9.814499
8.75E-4	9.475509
9.375E-4	9.227085
0.001	9.004274
0.0010625	8.803161
0.001125	8.620613
0.0011875	8.454089
0.00125	8.301503
0.001375	8.031503
0.0015	7.799831
0.001625	7.598706
0.00175	7.422357
0.001875	7.266405
0.002	7.127464
0.0021875	6.945266
0.002375	6.788602
0.0025625	6.652439
0.00275	6.532995
0.0029375	6.427375
0.003125	6.333317
0.0033125	6.249031
0.0035	6.17308
0.00375	6.082789
0.004	6.003049
0.00425	5.932132
0.004625	5.839372
0.005	5.759879
0.0053125	5.701854
0.005625	5.650041
0.0059375	5.603503
0.00625	5.561485
0.006875	5.488629
0.0075	5.427675
0.008	5.385658
0.00875	5.331522
0.009375	5.292958
0.01	5.259174
0.010625	5.229339
0.01125	5.2028
0.011875	5.179042
0.0125	5.15765
0.01375	5.120682
0.015	5.089859
0.01625	5.063767
0.0175	5.041395
0.01875	5.021999
0.02	5.005022
0.021325	4.989196
0.02265	4.975217
0.023975	4.96278
0.0253	4.951643
0.02722969	4.937358
0.02915938	4.924959
0.03108907	4.914095
0.03301875	4.904498
0.03494844	4.895958
0.03687813	4.88831
0.0407375	4.875181
0.04305313	4.86843
0.04536875	4.862366
0.05	4.851919
0.0506	4.850705
0.0520875	4.847815
0.053575	4.845086
0.05655	4.840056
0.0625	4.831428
0.06875	4.823968
0.075	4.817747
0.08125	4.812479
0.0875	4.807961
0.09375	4.804043
0.1	4.800612
0.10625	4.797583
0.1125	4.794889
0.11875	4.792478
0.125	4.790306
0.1375	4.786553
0.15	4.783421
0.1625	4.780769
0.175	4.778494
0.1875	4.77652
0.2	4.774792
0.21875	4.772567
0.2375	4.770691
0.25625	4.769088
0.275	4.767702
0.29375	4.766492
0.3125	4.765426
0.33125	4.764479
0.35	4.763634
0.375	4.762636
0.4	4.761763
0.425	4.760991
0.5	4.759135
0.625	4.757022
0.75	4.755608
0.8	4.755164
0.875	4.754593
1.0	4.753829
1.25	4.752753
1.5	4.752031
1.75	4.751512
2.0	4.75112
2.375	4.750684
2.75	4.750365
3.125	4.750121
3.5	4.749927
4.0	4.749724
4.25	4.74964
5.0	4.749436
6.25	4.749201
7.5	4.74904
8.0	4.748989
8.75	4.748923
10.0	4.748833
12.5	4.748704
15.0	4.748613
17.5	4.748545
20.0	4.74849
23.75	4.748427
27.5	4.748376
31.25	4.748334
35.0	4.748299
40.0	4.748257
42.5	4.748238
50.0	4.748187
62.5	4.748116
75.0	4.748053
80.0	4.74803
87.5	4.747996
100.0	4.747942
125.0	4.747842
150.0	4.747746
175.0	4.747653
200.0	4.747563
237.5	4.747428
275.0	4.747296
312.5	4.747165
350.0	4.747035
400.0	4.746863
425.0	4.746776
500.0	4.746519
625.0	4.746092
750.0	4.745668
800.0	4.745497
875.0	4.745243
1000.0	4.744819
1250.0	4.743973
1500.0	4.743129
1750.0	4.742285
2000.0	4.74144
2181.015	4.740831
2187.5	4.740809
2205.079	4.74075
2222.657	4.74069
2257.813	4.740572
2328.125	4.740336
2468.75	4.739863
2750.0	4.738916
3500.0	4.736393
4000.0	4.73471
4250.0	4.733869
5000.0	4.731346
6250.0	4.72716
7500.0	4.722974
8750.0	4.718788
10000.0	4.714602
12500.0	4.7063
15000.0	4.697998
17500.0	4.689695
20000.0	4.681393
23750.0	4.669209
23784.14	4.669098
27085.11	4.658374
27500.0	4.657026
28437.5	4.65398
29375.0	4.650934
31250.0	4.644842
35000.0	4.632659
38750.0	4.620475
40000.0	4.616413
42500.0	4.608292
50000.0	4.583925
62500.0	4.545029
67712.78	4.528808
68750.0	4.525581
74645.39	4.507237
75000.0	4.506134
76424.7	4.5017
77849.39	4.497267
80698.78	4.4884
86397.56	4.470668
87500.0	4.467237
100000.0	4.428343
125000.0	4.354579
150000.0	4.280817
175000.0	4.210801
200000.0	4.140787
225000.0	4.074263
250000.0	4.007743
275000.0	3.944479
300000.0	3.881218
325000.0	3.821002
350000.0	3.76079
400000.0	3.646066
450000.0	3.536689
500000.0	3.432332
550000.0	3.33269
600000.0	3.237486
650000.0	3.146462
700000.0	3.05938
750000.0	2.976022
800000.0	2.896182
850000.0	2.819675
900000.0	2.746325
950000.0	2.675972
1000000.0	2.608468
1100000.0	2.481458
1200000.0	2.364317
1300000.0	2.256207
1400000.0	2.156435
1500000.0	2.064428
1600000.0	1.979734
1700000.0	1.902004
1800000.0	1.83096
1900000.0	1.766294
2000000.0	1.709212
2010000.0	1.704973
2020000.0	1.70202
2030000.0	1.70181
2040000.0	1.708305
2050000.0	1.734813
2055000.0	1.769641
2060000.0	1.845294
2064000.0	1.981461
2066000.0	2.108067
2068000.0	2.314767
2070000.0	2.671288
2071000.0	2.944842
2072000.0	3.313831
2073000.0	3.805449
2074000.0	4.431552
2075000.0	5.145238
2076000.0	5.781803
2076200.0	5.876939
2076400.0	5.95624
2076600.0	6.017931
2076800.0	6.060638
2077000.0	6.083466
2077200.0	6.08606
2077400.0	6.068614
2077600.0	6.031859
2077800.0	5.977007
2078000.0	5.905668
2079000.0	5.373015
2080000.0	4.729215
2082000.0	3.656569
2084000.0	2.994363
2086000.0	2.601901
2088000.0	2.359681
2090000.0	2.202023
2095000.0	1.986897
2100000.0	1.883407
2110000.0	1.787973
2120000.0	1.744315
2130000.0	1.719168
2140000.0	1.702428
2150000.0	1.69014
2160000.0	1.680481
2180000.0	1.665693
2200000.0	1.654373
2220000.0	1.645115
2240000.0	1.637279
2260000.0	1.630551
2280000.0	1.624764
2300000.0	1.619832
2320000.0	1.615712
2340000.0	1.61239
2360000.0	1.609875
2380000.0	1.608186
2400000.0	1.607357
2420000.0	1.60743
2440000.0	1.60846
2460000.0	1.610512
2480000.0	1.61366
2500000.0	1.617993
2520000.0	1.623613
2540000.0	1.63064
2560000.0	1.639213
2580000.0	1.649495
2600000.0	1.661682
2620000.0	1.676005
2640000.0	1.692746
2660000.0	1.71225
2680000.0	1.734946
2700000.0	1.761382
2720000.0	1.792265
2740000.0	1.828554
2760000.0	1.871618
2780000.0	1.923801
2800000.0	1.99432
2802000.0	2.004569
2804000.0	2.016742
2806000.0	2.032334
2808000.0	2.054779
2810000.0	2.093466
2812000.0	2.18191
2813000.0	2.284119
2814000.0	2.510305
2814500.0	2.738721
2815000.0	3.140696
2815500.0	3.857486
2816000.0	4.881772
2816500.0	5.25305
2817000.0	4.385196
2817500.0	3.479613
2818000.0	2.940275
2819000.0	2.466023
2820000.0	2.289395
2822000.0	2.16839
2824000.0	2.132605
2826000.0	2.121267
2828000.0	2.119533
2830000.0	2.122401
2835000.0	2.138715
2840000.0	2.161205
2845000.0	2.187148
2850000.0	2.215789
2855000.0	2.246953
2860000.0	2.280687
2865000.0	2.317149
2870000.0	2.356568
2875000.0	2.399221
2880000.0	2.445427
2885000.0	2.495538
2890000.0	2.549925
2895000.0	2.608956
2900000.0	2.672959
2905000.0	2.742147
2910000.0	2.816506
2915000.0	2.895599
2920000.0	2.978245
2925000.0	3.062028
2930000.0	3.142573
2935000.0	3.212577
2940000.0	3.260798
2941000.0	3.266522
2943000.0	3.272922
2945000.0	3.27157
2947000.0	3.261213
2950000.0	3.226135
2955000.0	3.107408
2960000.0	2.908514
2965000.0	2.641215
2970000.0	2.336662
2975000.0	2.034699
2980000.0	1.768584
2985000.0	1.555953
2990000.0	1.399461
2995000.0	1.292583
3000000.0	1.225345
3005000.0	1.187852
3010000.0	1.171798
3015000.0	1.170779
3020000.0	1.180086
3025000.0	1.196353
3030000.0	1.21721
3035000.0	1.24101
3040000.0	1.266611
3045000.0	1.29323
3050000.0	1.320331
3060000.0	1.374658
3070000.0	1.427944
3080000.0	1.479539
3090000.0	1.529271
3100000.0	1.577189
3110000.0	1.623438
3120000.0	1.668193
3130000.0	1.711627
3140000.0	1.753903
3150000.0	1.795158
3160000.0	1.835513
3170000.0	1.875062
3180000.0	1.913882
3190000.0	1.952031
3200000.0	1.989547
3210000.0	2.026457
3220000.0	2.062771
3230000.0	2.098491
3240000.0	2.133601
3250000.0	2.168083
3260000.0	2.201907
3270000.0	2.235036
3280000.0	2.267427
3290000.0	2.299033
3300000.0	2.329801
3310000.0	2.359675
3320000.0	2.388599
3330000.0	2.416513
3340000.0	2.443358
3350000.0	2.469075
3360000.0	2.493606
3370000.0	2.516895
3380000.0	2.538889
3390000.0	2.559541
3400000.0	2.578804
3410000.0	2.596637
3420000.0	2.613007
3430000.0	2.627882
3440000.0	2.641241
3450000.0	2.653067
3460000.0	2.663347
3470000.0	2.672079
3480000.0	2.679264
3490000.0	2.684911
3500000.0	2.689035
3510000.0	2.691656
3520000.0	2.692801
3530000.0	2.692502
3540000.0	2.690794
3550000.0	2.687718
3560000.0	2.683319
3570000.0	2.677645
3580000.0	2.670748
3590000.0	2.66268
3600000.0	2.653496
3610000.0	2.643253
3620000.0	2.632009
3630000.0	2.619822
3640000.0	2.60675
3650000.0	2.592853
3660000.0	2.578186
3670000.0	2.562806
3680000.0	2.54677
3690000.0	2.530131
3700000.0	2.512942
3710000.0	2.495253
3720000.0	2.477114
3730000.0	2.458571
3740000.0	2.439669
3750000.0	2.420452
3760000.0	2.400958
3770000.0	2.381228
3780000.0	2.361299
3790000.0	2.341203
3800000.0	2.320973
3810000.0	2.300641
3820000.0	2.280236
3830000.0	2.259784
3840000.0	2.239311
3850000.0	2.218843
3860000.0	2.198403
3870000.0	2.178013
3880000.0	2.157695
3890000.0	2.137472
3900000.0	2.117365
3910000.0	2.097397
3920000.0	2.07759
3930000.0	2.05797
3940000.0	2.038563
3950000.0	2.0194
3960000.0	2.000514
3970000.0	1.981946
3980000.0	1.963738
3990000.0	1.945947
4000000.0	1.928636
4010000.0	1.911885
4020000.0	1.895786
4030000.0	1.880456
4040000.0	1.866036
4050000.0	1.852697
4060000.0	1.840652
4070000.0	1.830158
4080000.0	1.821532
4090000.0	1.815154
4100000.0	1.811483
4110000.0	1.811062
4120000.0	1.814517
4130000.0	1.822551
4140000.0	1.83591
4150000.0	1.855323
4160000.0	1.881394
4170000.0	1.914444
4180000.0	1.954295
4190000.0	2.000048
4200000.0	2.049895
4210000.0	2.101101
4220000.0	2.150225
4230000.0	2.193619
4240000.0	2.228076
4250000.0	2.251424
4260000.0	2.262831
4270000.0	2.262757
4280000.0	2.252622
4290000.0	2.234362
4300000.0	2.210031
4310000.0	2.181525
4320000.0	2.150437
4330000.0	2.11802
4340000.0	2.085202
4350000.0	2.052639
4360000.0	2.020773
4370000.0	1.989882
4380000.0	1.960127
4390000.0	1.931583
4400000.0	1.904273
4410000.0	1.87818
4420000.0	1.853264
4430000.0	1.82947
4440000.0	1.806737
4450000.0	1.785
4460000.0	1.764193
4470000.0	1.744255
4480000.0	1.725124
4490000.0	1.706744
4500000.0	1.689061
4510000.0	1.672026
4520000.0	1.655594
4530000.0	1.639721
4540000.0	1.62437
4550000.0	1.609505
4560000.0	1.595091
4570000.0	1.5811
4580000.0	1.567502
4590000.0	1.554273
4600000.0	1.541387
4610000.0	1.528822
4620000.0	1.516559
4630000.0	1.504576
4640000.0	1.492856
4650000.0	1.481381
4660000.0	1.470135
4670000.0	1.459101
4680000.0	1.448265
4690000.0	1.437609
4700000.0	1.42712
4710000.0	1.41678
4720000.0	1.406574
4730000.0	1.396484
4740000.0	1.386487
4750000.0	1.37656
4760000.0	1.366671
4770000.0	1.356777
4780000.0	1.346812
4790000.0	1.336658
4800000.0	1.326053
4812998.0	1.307384
4813000.0	1.307383
4820000.0	1.306497
4830000.0	1.301647
4840000.0	1.296331
4850000.0	1.290882
4860000.0	1.285407
4870000.0	1.279964
4880000.0	1.2746
4890000.0	1.269376
4900000.0	1.26443
4902000.0	1.2635
4904000.0	1.262603
4906000.0	1.261743
4908000.0	1.260935
4910000.0	1.260192
4912000.0	1.259538
4914000.0	1.259005
4916000.0	1.258643
4918000.0	1.258532
4920000.0	1.258801
4922000.0	1.259679
4924000.0	1.261592
4926000.0	1.265417
4928000.0	1.273188
4930000.0	1.29053
4931000.0	1.307696
4932000.0	1.337985
4933000.0	1.397974
4934000.0	1.540049
4935000.0	1.988315
4935500.0	2.602575
4936000.0	3.746543
4936500.0	4.265678
4937000.0	3.143631
4937500.0	2.261964
4938000.0	1.833753
4938500.0	1.619352
4939000.0	1.501239
4939500.0	1.430329
4940000.0	1.384718
4941000.0	1.331739
4942000.0	1.303299
4943000.0	1.286205
4944000.0	1.275055
4946000.0	1.261661
4948000.0	1.253983
4950000.0	1.248968
4952000.0	1.245363
4954000.0	1.242574
4956000.0	1.240289
4958000.0	1.238335
4960000.0	1.236609
4962000.0	1.235041
4964000.0	1.233592
4966000.0	1.23223
4968000.0	1.230934
4970000.0	1.229691
4972000.0	1.22849
4974000.0	1.227322
4976000.0	1.226182
4978000.0	1.225065
4980000.0	1.223968
4982000.0	1.222887
4984000.0	1.22182
4986000.0	1.220765
4988000.0	1.219721
4990000.0	1.218687
4992000.0	1.217662
4994000.0	1.216644
4996000.0	1.215633
4998000.0	1.214627
5000000.0	1.213628
5010000.0	1.208706
5020000.0	1.20388
5030000.0	1.199128
5040000.0	1.194439
5050000.0	1.189803
5060000.0	1.185212
5070000.0	1.180662
5080000.0	1.176148
5090000.0	1.171663
5100000.0	1.167204
5110000.0	1.162767
5120000.0	1.158345
5130000.0	1.153932
5140000.0	1.149525
5150000.0	1.145113
5160000.0	1.140694
5170000.0	1.136256
5180000.0	1.13179
5190000.0	1.127287
5200000.0	1.122738
5210000.0	1.118129
5220000.0	1.113448
5230000.0	1.108685
5240000.0	1.103829
5250000.0	1.098877
5260000.0	1.093844
5270000.0	1.088773
5280000.0	1.08378
5290000.0	1.079138
5300000.0	1.075482
5305000.0	1.074441
5310000.0	1.074355
5315000.0	1.075806
5320000.0	1.079777
5325000.0	1.087977
5330000.0	1.103491
5335000.0	1.132116
5340000.0	1.185105
5342000.0	1.217509
5344000.0	1.25922
5346000.0	1.312847
5348000.0	1.381416
5350000.0	1.467975
5352000.0	1.574583
5354000.0	1.700349
5356000.0	1.838583
5358000.0	1.974462
5360000.0	2.086433
5362000.0	2.15382
5364000.0	2.167016
5366000.0	2.131618
5368000.0	2.063207
5370000.0	1.97871
5372000.0	1.890954
5375000.0	1.768701
5380000.0	1.607607
5385000.0	1.494996
5390000.0	1.416242
5395000.0	1.359704
5400000.0	1.317826
5405000.0	1.285865
5410000.0	1.260812
5415000.0	1.240707
5420000.0	1.224241
5425000.0	1.210512
5430000.0	1.198887
5435000.0	1.18891
5440000.0	1.180241
5445000.0	1.172631
5450000.0	1.165886
5460000.0	1.154429
5470000.0	1.145018
5480000.0	1.137107
5490000.0	1.130332
5500000.0	1.124439
5520000.0	1.114627
5540000.0	1.106735
5560000.0	1.100227
5580000.0	1.094779
5600000.0	1.090184
5620000.0	1.086308
5640000.0	1.083058
5660000.0	1.08037
5680000.0	1.078199
5700000.0	1.076514
5720000.0	1.075291
5740000.0	1.074513
5760000.0	1.074169
5780000.0	1.074248
5800000.0	1.074744
5820000.0	1.075649
5840000.0	1.076958
5860000.0	1.078667
5880000.0	1.080772
5900000.0	1.08327
5920000.0	1.086162
5940000.0	1.089455
5960000.0	1.093161
5980000.0	1.097307
6000000.0	1.101939
6020000.0	1.107137
6040000.0	1.113027
6060000.0	1.119813
6080000.0	1.127819
6100000.0	1.137566
6110000.0	1.14334
6120000.0	1.149904
6130000.0	1.157456
6140000.0	1.166258
6150000.0	1.176657
6160000.0	1.189124
6170000.0	1.204307
6180000.0	1.223114
6181416.0	1.226473
6190000.0	1.246879
6200000.0	1.277543
6210000.0	1.317797
6220000.0	1.372046
6230000.0	1.44708
6240000.0	1.553615
6245000.0	1.623585
6250000.0	1.708146
6252000.0	1.746727
6254000.0	1.788322
6256000.0	1.833119
6258000.0	1.881291
6260000.0	1.932972
6262000.0	1.988244
6264000.0	2.047114
6266000.0	2.109474
6268000.0	2.175069
6270000.0	2.243451
6272000.0	2.31393
6274000.0	2.385522
6276000.0	2.456924
6278000.0	2.526475
6280000.0	2.592187
6282000.0	2.651791
6284000.0	2.70287
6285000.0	2.722945
6286000.0	2.743019
6288000.0	2.770084
6290000.0	2.78239
6291000.0	2.782671
6292000.0	2.778957
6293000.0	2.771262
6294000.0	2.759649
6295000.0	2.744238
6296000.0	2.725197
6297000.0	2.702744
6298000.0	2.67713
6299000.0	2.648641
6300000.0	2.617585
6301000.0	2.584288
6302000.0	2.54908
6303000.0	2.512295
6304000.0	2.474256
6305000.0	2.43528
6306000.0	2.395664
6308000.0	2.315602
6310000.0	2.236021
6312000.0	2.158491
6314000.0	2.084206
6316000.0	2.014032
6318000.0	1.948556
6320000.0	1.888153
6322000.0	1.833036
6324000.0	1.783319
6326000.0	1.739047
6328000.0	1.700235
6330000.0	1.666879
6332000.0	1.638956
6334000.0	1.61643
6336000.0	1.599173
6338000.0	1.586901
6340000.0	1.579062
6342000.0	1.574721
6344000.0	1.572484
6346000.0	1.570549
6348000.0	1.566931
6350000.0	1.559872
6352000.0	1.548254
6354000.0	1.531846
6356000.0	1.511248
6358000.0	1.487597
6360000.0	1.462193
6362000.0	1.43622
6365000.0	1.398127
6370000.0	1.34091
6375000.0	1.293348
6380000.0	1.254584
6385000.0	1.22291
6390000.0	1.196746
6395000.0	1.174841
6400000.0	1.156249
6410000.0	1.126365
6420000.0	1.103295
6430000.0	1.084805
6440000.0	1.070948
6450000.0	1.065234
6460000.0	1.062854
6470000.0	1.060217
6490000.0	1.057617
6500000.0	1.047467
6510000.0	1.037316
6540000.0	0.9721161
6553000.0	0.895686
6560000.0	0.8491159
6570000.0	0.7694757
6580000.0	0.7322555
6590000.0	0.7432453
6600000.0	0.7378451
6620000.0	0.7818748
6640000.0	0.7638444
6658000.0	0.935864
6665000.0	0.8631239
6670000.0	0.8490539
6680000.0	0.8427936
6700000.0	0.8365833
6750000.0	0.8158424
6810000.0	0.7979213
6920000.0	0.7699092
7000000.0	0.7449877
7053000.0	0.7490975
7100000.0	0.7488167
7140000.0	0.7680962
7180000.0	0.7976356
7200000.0	0.8446653
7220000.0	0.8776149
7225000.0	0.8878649
7250000.0	0.9767245
7270000.0	1.069104
7280000.0	1.138704
7340000.0	1.644504
7350000.0	1.756203
7360000.0	1.755503
7370000.0	1.808602
7400000.0	1.781402
7420000.0	1.770802
7470000.0	1.755602
7529000.0	1.754
7542000.0	1.7346
7553000.0	1.7253
7594000.0	1.7041
7620000.0	1.701
7650000.0	1.7225
7667000.0	1.7824
7680000.0	1.8086
7698000.0	1.9274
7700000.0	1.9324
7725000.0	2.2253
7745000.0	2.4258
7750000.0	2.3927
7770000.0	2.2751
7789000.0	2.1432
7810000.0	2.0536
7819000.0	2.0589
7860000.0	2.0017
7886400.0	1.9706
7886672.0	1.966894
7888000.0	1.948802
7897000.0	1.945704
7930000.0	1.912901
7936000.0	1.8914
8000000.0	1.8528
8005000.0	1.863797
8010000.0	1.816404
8014000.0	1.8549
8044000.0	1.843003
8053000.0	1.882696
8079000.0	1.885104
8080000.0	1.875895
8100000.0	1.885904
8101000.0	1.903896
8105000.0	1.888402
8109000.0	1.867397
8120000.0	1.850102
8131000.0	1.813898
8138000.0	1.798498
8160000.0	1.715
8166000.0	1.669799
8200000.0	1.516898
8210000.0	1.471102
8218000.0	1.452804
8240000.0	1.399996
8280000.0	1.299603
8295800.0	1.264096
8296200.0	1.258897
8296454.0	1.258629
8320000.0	1.234201
8330000.0	1.213393
8391000.0	1.146799
8400000.0	1.136994
8426000.0	1.1356
8448000.0	1.118498
8450000.0	1.101702
8480000.0	1.107097
8499500.0	1.084001
8500000.0	1.0749
8520000.0	1.083397
8553000.0	1.066404
8600000.0	1.079596
8611000.0	1.079401
8664000.0	1.065295
8700000.0	1.068202
8708000.0	1.062797
8750000.0	1.061495
8768000.0	1.067798
8800000.0	1.071998
8833000.0	1.076404
8850000.0	1.077201
8885000.0	1.097601
8920000.0	1.086401
8940000.0	1.103998
8980000.0	1.131003
9000000.0	1.1326
9005000.0	1.152999
9020000.0	1.154595
9030000.0	1.167803
9045000.0	1.174799
9053000.0	1.197701
9067000.0	1.1969
9080000.0	1.223601
9149000.0	1.288796
9163000.0	1.307405
9180000.0	1.302297
9219000.0	1.330699
9250000.0	1.3258
9254000.0	1.339401
9300000.0	1.319598
9360000.0	1.293004
9400000.0	1.270104
9450000.0	1.253002
9500000.0	1.2353
9522000.0	1.235001
9553000.0	1.223597
9560000.0	1.230098
9590000.0	1.221997
9600000.0	1.2193
9630000.0	1.222899
9640000.0	1.231502
9678000.0	1.226199
9680000.0	1.224004
9692000.0	1.226002
9700000.0	1.2362
9726000.0	1.2309
9740000.0	1.246002
9750000.0	1.226595
9800000.0	1.2294
9821000.0	1.217503
9830000.0	1.218799
9868000.0	1.198596
9900000.0	1.1822
9917000.0	1.183104
9921000.0	1.173103
1.0E7	1.173
1.005E7	1.147597
1.0053E7	1.138698
1.017E7	1.118304
1.025E7	1.112795
1.03E7	1.111602
1.0372E7	1.137696
1.04E7	1.145696
1.0448E7	1.161899
1.044836E7	1.162101
1.0478E7	1.179297
1.05E7	1.1957
1.0506E7	1.196201
1.0536E7	1.212098
1.055E7	1.209598
1.0553E7	1.222404
1.062E7	1.254597
1.069E7	1.298496
1.07E7	1.298802
1.075E7	1.3314
1.08E7	1.355198
1.083E7	1.374505
1.09E7	1.411104
1.094E7	1.420196
1.1E7	1.4085
1.1004E7	1.400504
1.1053E7	1.401197
1.1096E7	1.388897
1.11E7	1.393902
1.1166E7	1.400201
1.117E7	1.401195
1.125E7	1.386695
1.13E7	1.383196
1.14E7	1.373398
1.15E7	1.3565
1.1553E7	1.345005
1.1708E7	1.336903
1.170806E7	1.336928
1.175E7	1.354802
1.1751E7	1.349198
1.18E7	1.359198
1.1828E7	1.373198
1.19E7	1.412699
1.1909E7	1.408
1.1917E7	1.421696
1.2E7	1.4264
1.205E7	1.444598
1.2053E7	1.449996
1.2088E7	1.449095
1.21E7	1.451596
1.2196E7	1.387202
1.2224E7	1.375003
1.225E7	1.3675
1.23E7	1.345298
1.24E7	1.325004
1.25E7	1.3318
1.2553E7	1.3414
1.2599E7	1.347498
1.27E7	1.366498
1.2738E7	1.366998
1.2792E7	1.387604
1.279214E7	1.387621
1.29E7	1.401999
1.299E7	1.423501
1.3E7	1.4204
1.3053E7	1.415604
1.31E7	1.416304
1.312E7	1.416405
1.325E7	1.407395
1.328E7	1.395001
1.33E7	1.397302
1.35E7	1.3928
1.354E7	1.400004
1.3553E7	1.399497
1.3587E7	1.400501
1.3646E7	1.385997
1.37E7	1.381498
1.3767E7	1.374002
1.376781E7	1.373613
1.3822E7	1.348682
1.383E7	1.348884
1.3965E7	1.330598
1.4E7	1.3023
1.4053E7	1.315401
1.4182E7	1.329402
1.425E7	1.3343
1.4364E7	1.321205
1.4419E7	1.312201
1.4472E7	1.313803
1.45E7	1.320098
1.4553E7	1.333998
1.4566E7	1.3345
1.4653E7	1.363096
1.4694E7	1.379299
1.475E7	1.3807
1.4767E7	1.377504
1.4807E7	1.380499
1.4812E7	1.382499
1.4837E7	1.385496
1.4863E7	1.3888
1.4887E7	1.390198
1.4888E7	1.390197
1.4892E7	1.396599
1.4906E7	1.398599
1.4909E7	1.399303
1.4927E7	1.396505
1.4954E7	1.396997
1.4962E7	1.396801
1.4996E7	1.403598
1.5E7	1.3975
1.5006E7	1.399703
1.5045E7	1.410304
1.5053E7	1.414597
1.5093E7	1.425404
1.5248E7	1.433904
1.5263E7	1.433895
1.526383E7	1.433982
1.5448E7	1.454396
1.5477E7	1.455001
1.55E7	1.457103
1.5553E7	1.463903
1.5731E7	1.479698
1.5966E7	1.507404
1.597E7	1.513701
1.599E7	1.509997
1.6E7	1.5156
1.6053E7	1.502699
1.6068E7	1.502004
1.6256E7	1.463296
1.6347E7	1.435399
1.634791E7	1.435399
1.6443E7	1.43819
1.65E7	1.432796
1.6532E7	1.429004
1.6553E7	1.425498
1.6695E7	1.408497
1.682E7	1.400602
1.6824E7	1.399402
1.6974E7	1.3957
1.7E7	1.397203
1.7053E7	1.401299
1.7074E7	1.405903
1.7138E7	1.398103
1.7298E7	1.393102
1.729865E7	1.393101
1.73E7	1.393101
1.7301E7	1.406399
1.7431E7	1.401498
1.743199E7	1.401462
1.7467E7	1.401088
1.75E7	1.405595
1.7553E7	1.410699
1.7616E7	1.416498
1.7687E7	1.417596
1.79E7	1.431702
1.7901E7	1.434502
1.8E7	1.4429
1.8053E7	1.452702
1.8087E7	1.446703
1.8158E7	1.467903
1.8273E7	1.465702
1.846E7	1.461603
1.85E7	1.469799
1.8516E7	1.472899
1.851607E7	1.472904
1.8553E7	1.476397
1.8632E7	1.483795
1.87E7	1.487195
1.8833E7	1.4851
1.9E7	1.487304
1.903E7	1.487761
1.9034E7	1.487816
1.9053E7	1.488131
1.9185E7	1.490645
1.9346E7	1.494275
1.95E7	1.497952
1.9511E7	1.498217
1.9553E7	1.499199
1.96E7	1.500278
1.960015E7	1.500278
1.9661E7	1.501614
1.9794E7	1.504227
1.9892E7	1.505779
1.999999E7	1.507
2.000001E7	1.506789
2.029547E7	1.492438
2.1E7	1.42579
2.2E7	1.402792
2.3E7	1.403794
2.4E7	1.412795
2.427894E7	1.407683
2.448686E7	1.40083
2.5E7	1.385797
2.6E7	1.372455
2.7E7	1.3568
2.705867E7	1.355563
2.730389E7	1.350356
2.8E7	1.33552
2.847293E7	1.325691
2.892336E7	1.316491
2.9E7	1.314931
3.0E7	1.294805
3.1E7	1.275306
3.2E7	1.256603
3.213834E7	1.254072
3.3E7	1.238536
3.4E7	1.220974
3.451838E7	1.212047
3.5E7	1.203813
3.509196E7	1.202242
3.6E7	1.186144
3.7E7	1.167527
3.8E7	1.148494
3.9E7	1.129477
4.0E7	1.110821
4.1E7	1.092668
4.2E7	1.074941
4.3E7	1.057614
4.4E7	1.040661
4.5E7	1.024062
4.6E7	1.007801
4.7E7	0.9918595
4.8E7	0.9762262
4.9E7	0.9608888
5.0E7	0.9458373
5.1E7	0.9310768
5.2E7	0.9166199
5.3E7	0.9024681
5.4E7	0.8886213
5.5E7	0.8750789
5.6E7	0.8618392
5.658661E7	0.8542127
5.7E7	0.8488999
5.75937E7	0.8413589
5.8E7	0.8362582
5.9E7	0.8239106
6.0E7	0.8118534
6.1E7	0.800064
6.2E7	0.7885166
6.3E7	0.7772017
6.4E7	0.7661112
6.5E7	0.7552372
6.6E7	0.7445723
6.7E7	0.7341095
6.8E7	0.7238422
6.9E7	0.7137642
7.0E7	0.7038696
7.1E7	0.6940513
7.2E7	0.6842478
7.3E7	0.6745162
7.4E7	0.6649067
7.5E7	0.6554631
7.6E7	0.6462232
7.7E7	0.6372196
7.8E7	0.6284804
7.9E7	0.6200291
8.0E7	0.6118858
8.1E7	0.603968
8.2E7	0.5961885
8.3E7	0.5885569
8.4E7	0.5810819
8.5E7	0.5737711
8.6E7	0.5666313
8.7E7	0.5596687
8.8E7	0.5528893
8.9E7	0.5462986
9.0E7	0.539902
9.1E7	0.5336868
9.2E7	0.5276372
9.3E7	0.5217536
9.4E7	0.5160356
9.5E7	0.5104808
9.6E7	0.505085
9.7E7	0.4998413
9.8E7	0.4947404
9.9E7	0.4897706
1.0E8	0.4849181
1.02E8	0.4757732
1.04E8	0.4673792
1.06E8	0.4594671
1.08E8	0.4517239
1.1E8	0.4438143
1.12E8	0.4362706
1.14E8	0.4294817
1.16E8	0.4229933
1.18E8	0.4164521
1.2E8	0.4095905
1.22E8	0.4025958
1.24E8	0.3958563
1.26E8	0.3894585
1.28E8	0.3834791
1.3E8	0.3779867
1.32E8	0.3728862
1.34E8	0.3680246
1.36E8	0.3633797
1.38E8	0.3589315
1.4E8	0.3546628
1.42E8	0.3505394
1.44E8	0.3465429
1.46E8	0.3426796
1.48E8	0.338954
1.5E8	0.335369