# This is a TAB1 data format for custom weighting spectrums
# The records are as follows:
# 0.0 0.0 0 0 NR NPP
# RANGE_END INTERPOLATION_TYPE
# NPPxENERGY-VALUE pairs
#
# NR = Number of Ranges
# NPP = Total number of points
# RANGE_END = Number of points where current range ends
# INTERPOLATION_TYPE = 2=linear-linear
#
0.0        0.0        0          0          1          619
619        2
5.0000E-06 1.0000E-10 1.7845E-05 4.1452E-07 3.4023E-05 6.4107E-06
5.6095E-05 9.2482E-06 9.2487E-05 2.5857E-05 1.2707E-04 2.7438E-05
1.6442E-04 6.8634E-05 2.1679E-04 7.9541E-05 2.7836E-04 1.4511E-04
3.5742E-04 1.8613E-04 4.5893E-04 3.1822E-04 5.8928E-04 5.1116E-04
7.5665E-04 8.0125E-04 9.7157E-04 1.3535E-03 1.1651E-03 9.5356E-04
1.3202E-03 1.2854E-03 1.4960E-03 1.6571E-03 1.6952E-03 2.0484E-03
1.9209E-03 2.8104E-03 2.1767E-03 3.7704E-03 2.4666E-03 4.4215E-03
2.7950E-03 6.1373E-03 3.1671E-03 7.4911E-03 3.5888E-03 9.4237E-03
4.0666E-03 1.1765E-02 4.6081E-03 1.4659E-02 5.2216E-03 1.8755E-02
5.9169E-03 2.3375E-02 6.7047E-03 2.9689E-02 7.5974E-03 3.6929E-02
8.6090E-03 4.5006E-02 9.7552E-03 5.6169E-02 1.0699E-02 3.2652E-02
1.1389E-02 3.5413E-02 1.2123E-02 3.8393E-02 1.2905E-02 4.3555E-02
1.3737E-02 4.7751E-02 1.4623E-02 5.1489E-02 1.5566E-02 5.7123E-02
1.6570E-02 6.2823E-02 1.7639E-02 6.8189E-02 1.8777E-02 7.4238E-02
1.9988E-02 8.0401E-02 2.1277E-02 8.7852E-02 2.2649E-02 9.3573E-02
2.4109E-02 1.0174E-01 2.5664E-02 1.0765E-01 2.7320E-02 1.1393E-01
2.9082E-02 1.2161E-01 3.0957E-02 1.2923E-01 3.2954E-02 1.3424E-01
3.5079E-02 1.4097E-01 3.7341E-02 1.4688E-01 3.9749E-02 1.5171E-01
4.2313E-02 1.5690E-01 4.5042E-02 1.6059E-01 4.7947E-02 1.6353E-01
5.1039E-02 1.6544E-01 5.4331E-02 1.6525E-01 5.7835E-02 1.6400E-01
6.1565E-02 1.6158E-01 6.5536E-02 1.5731E-01 6.9762E-02 1.5317E-01
7.4261E-02 1.4671E-01 7.9051E-02 1.3951E-01 8.4149E-02 1.3038E-01
8.9576E-02 1.2054E-01 9.5353E-02 1.1086E-01 1.0150E-01 1.0061E-01
1.0805E-01 8.9903E-02 1.1502E-01 7.9365E-02 1.2244E-01 6.8959E-02
1.3033E-01 5.9073E-02 1.3874E-01 5.0450E-02 1.4754E-01 4.1316E-02
1.5706E-01 3.6415E-02 1.6735E-01 2.8759E-02 1.7815E-01 2.3496E-02
1.8964E-01 1.9211E-02 2.0187E-01 1.5909E-02 2.1488E-01 1.2996E-02
2.2874E-01 1.1079E-02 2.4350E-01 9.4821E-03 2.5920E-01 8.3336E-03
2.7591E-01 7.6007E-03 2.9371E-01 7.0254E-03 3.1265E-01 6.5453E-03
3.3282E-01 6.2696E-03 3.5428E-01 6.0873E-03 3.7713E-01 5.8236E-03
4.0146E-01 5.7753E-03 4.2735E-01 5.5619E-03 4.5491E-01 5.4654E-03
4.8425E-01 5.3269E-03 5.1548E-01 5.3139E-03 5.4872E-01 5.2761E-03
5.8411E-01 5.1444E-03 6.2179E-01 5.1328E-03 6.6189E-01 4.9750E-03
7.0457E-01 4.9391E-03 7.5001E-01 4.9161E-03 7.9838E-01 4.8173E-03
8.4988E-01 4.7731E-03 9.0469E-01 4.7357E-03 9.6304E-01 4.7691E-03
1.0252E+00 4.7306E-03 1.0936E+00 5.0013E-03 1.1640E+00 4.4117E-03
1.2366E+00 4.6225E-03 1.3163E+00 4.4568E-03 1.4012E+00 4.6194E-03
1.4916E+00 4.5387E-03 1.5878E+00 4.5366E-03 1.6902E+00 4.5199E-03
1.7992E+00 4.4401E-03 1.9152E+00 4.4843E-03 2.0387E+00 4.4311E-03
2.1702E+00 4.4923E-03 2.3102E+00 4.3651E-03 2.4592E+00 4.3775E-03
2.6178E+00 4.4335E-03 2.7867E+00 4.3659E-03 2.9669E+00 4.4251E-03
3.1582E+00 4.3531E-03 3.3613E+00 4.3489E-03 3.5781E+00 4.4044E-03
3.8089E+00 4.3475E-03 4.0546E+00 4.4214E-03 4.3160E+00 4.4027E-03
4.5944E+00 4.3549E-03 4.8907E+00 4.4043E-03 5.2062E+00 4.4007E-03
5.5419E+00 4.3840E-03 5.8993E+00 4.3767E-03 6.2798E+00 4.3210E-03
6.6848E+00 4.3954E-03 7.1159E+00 4.2839E-03 7.5749E+00 4.5017E-03
8.0658E+00 4.5025E-03 8.5858E+00 4.3536E-03 9.1370E+00 4.3853E-03
9.7262E+00 4.3141E-03 1.0354E+01 4.2400E-03 1.1022E+01 4.2859E-03
1.1733E+01 4.2873E-03 1.2489E+01 4.2807E-03 1.3295E+01 4.2245E-03
1.4152E+01 4.2151E-03 1.5065E+01 4.3070E-03 1.6036E+01 4.3510E-03
1.7071E+01 4.2566E-03 1.8172E+01 4.3978E-03 1.9343E+01 4.2452E-03
2.0591E+01 4.3517E-03 2.1917E+01 4.2800E-03 2.3331E+01 4.2647E-03
2.4837E+01 4.3255E-03 2.6439E+01 4.3028E-03 2.8144E+01 4.3373E-03
2.9959E+01 4.2778E-03 3.1892E+01 4.3821E-03 3.3949E+01 4.2946E-03
3.6138E+01 4.3782E-03 3.8469E+01 4.3053E-03 4.0949E+01 4.3035E-03
4.3590E+01 4.3749E-03 4.6402E+01 4.3319E-03 4.9394E+01 4.2812E-03
5.2580E+01 4.3915E-03 5.5971E+01 4.3640E-03 5.9560E+01 4.2873E-03
6.3403E+01 4.3378E-03 6.7514E+01 4.3597E-03 7.1868E+01 4.3954E-03
7.6503E+01 4.3104E-03 8.1437E+01 4.3006E-03 8.6690E+01 4.3644E-03
9.2281E+01 4.3821E-03 9.8232E+01 4.3862E-03 1.0457E+02 4.3601E-03
1.1131E+02 4.3761E-03 1.1849E+02 4.3133E-03 1.2613E+02 4.4225E-03
1.3427E+02 4.4161E-03 1.4293E+02 4.3972E-03 1.5215E+02 4.3748E-03
1.6195E+02 4.4339E-03 1.7240E+02 4.4275E-03 1.8352E+02 4.4146E-03
1.9536E+02 4.3459E-03 2.0796E+02 4.4625E-03 2.2137E+02 4.4651E-03
2.3565E+02 4.4141E-03 2.5085E+02 4.4316E-03 2.6702E+02 4.4653E-03
2.8424E+02 4.4540E-03 3.0258E+02 4.4304E-03 3.2209E+02 4.4094E-03
3.4286E+02 4.4936E-03 3.6498E+02 4.4315E-03 3.8852E+02 4.5184E-03
4.1357E+02 4.4305E-03 4.4025E+02 4.4626E-03 4.6864E+02 4.4962E-03
4.9887E+02 4.4382E-03 5.3104E+02 4.3860E-03 5.6529E+02 4.4701E-03
6.0175E+02 4.4747E-03 6.4056E+02 4.4805E-03 6.8187E+02 4.4986E-03
7.2585E+02 4.4671E-03 7.7266E+02 4.4745E-03 8.2249E+02 4.4898E-03
8.7553E+02 4.4888E-03 9.3200E+02 4.5090E-03 9.9211E+02 4.4834E-03
1.0394E+03 2.2811E-03 1.0724E+03 2.2464E-03 1.1064E+03 2.2488E-03
1.1415E+03 2.1968E-03 1.1777E+03 2.2505E-03 1.2156E+03 2.3214E-03
1.2542E+03 2.2068E-03 1.2935E+03 2.2508E-03 1.3346E+03 2.3336E-03
1.3769E+03 2.2443E-03 1.4206E+03 2.2764E-03 1.4657E+03 2.2974E-03
1.5123E+03 2.2508E-03 1.5603E+03 2.2526E-03 1.6098E+03 2.3389E-03
1.6609E+03 2.2493E-03 1.7136E+03 2.2496E-03 1.7680E+03 2.3101E-03
1.8241E+03 2.2857E-03 1.8820E+03 2.2601E-03 1.9418E+03 2.3028E-03
2.0034E+03 2.2361E-03 2.0670E+03 2.2593E-03 2.1326E+03 2.2846E-03
2.2003E+03 2.2558E-03 2.2702E+03 2.2581E-03 2.3422E+03 2.3236E-03
2.4166E+03 2.2635E-03 2.4933E+03 2.2800E-03 2.5724E+03 2.2653E-03
2.6541E+03 2.2400E-03 2.7383E+03 2.3125E-03 2.8253E+03 2.2712E-03
2.9149E+03 2.3297E-03 3.0074E+03 2.2838E-03 3.1029E+03 2.2614E-03
3.2014E+03 2.2738E-03 3.3007E+03 2.1787E-03 3.4056E+03 2.3821E-03
3.5161E+03 2.2738E-03 3.6277E+03 2.2844E-03 3.7428E+03 2.2951E-03
3.8617E+03 2.2954E-03 3.9842E+03 2.2746E-03 4.1107E+03 2.3152E-03
4.2412E+03 2.2957E-03 4.3758E+03 2.3244E-03 4.5147E+03 2.3390E-03
4.6580E+03 2.3090E-03 4.8059E+03 2.2703E-03 4.9584E+03 2.3000E-03
5.1159E+03 2.3018E-03 5.2783E+03 2.3021E-03 5.4458E+03 2.3165E-03
5.6186E+03 2.3446E-03 5.7970E+03 2.3306E-03 5.9810E+03 2.2991E-03
6.1709E+03 2.3534E-03 6.3668E+03 2.3592E-03 6.5689E+03 2.3226E-03
6.7774E+03 2.3042E-03 6.9925E+03 2.3350E-03 7.2145E+03 2.2815E-03
7.4435E+03 2.3131E-03 7.6798E+03 2.3746E-03 7.9235E+03 2.3563E-03
8.1751E+03 2.2647E-03 8.4346E+03 2.3532E-03 8.7023E+03 2.3240E-03
8.9792E+03 2.3328E-03 9.2642E+03 2.2858E-03 9.5576E+03 2.3260E-03
9.8610E+03 2.3425E-03 1.0174E+04 2.3430E-03 1.0497E+04 2.3491E-03
1.0830E+04 2.3530E-03 1.1174E+04 2.3569E-03 1.1529E+04 2.3458E-03
1.1895E+04 2.3536E-03 1.2272E+04 2.3893E-03 1.2662E+04 2.3835E-03
1.3064E+04 2.3741E-03 1.3479E+04 2.2885E-03 1.3907E+04 2.2927E-03
1.4348E+04 2.4115E-03 1.4803E+04 2.3473E-03 1.5273E+04 2.3882E-03
1.5758E+04 2.3504E-03 1.6258E+04 2.4114E-03 1.6774E+04 2.3329E-03
1.7307E+04 2.3549E-03 1.7856E+04 2.3886E-03 1.8423E+04 2.3438E-03
1.9008E+04 2.3940E-03 1.9611E+04 2.3987E-03 2.0234E+04 2.3521E-03
2.0876E+04 2.3726E-03 2.1539E+04 2.3861E-03 2.2222E+04 2.3917E-03
2.2928E+04 2.4161E-03 2.3656E+04 2.3812E-03 2.4413E+04 2.4440E-03
2.5187E+04 2.3479E-03 2.5980E+04 2.3990E-03 2.6805E+04 2.3896E-03
2.7656E+04 2.3662E-03 2.8534E+04 2.4226E-03 2.9440E+04 2.4187E-03
3.0375E+04 2.4424E-03 3.1339E+04 2.4497E-03 3.2333E+04 2.4288E-03
3.3359E+04 2.4008E-03 3.4418E+04 2.3872E-03 3.5511E+04 2.3990E-03
3.6638E+04 2.4918E-03 3.7801E+04 2.4607E-03 3.9001E+04 2.4671E-03
4.0239E+04 2.4558E-03 4.1517E+04 2.4726E-03 4.2835E+04 2.4451E-03
4.4194E+04 2.4286E-03 4.5597E+04 2.5008E-03 4.7044E+04 2.5019E-03
4.8538E+04 2.4733E-03 5.0079E+04 2.5280E-03 5.1668E+04 2.4572E-03
5.3308E+04 2.4801E-03 5.5001E+04 2.5170E-03 5.6747E+04 2.4434E-03
5.8548E+04 2.4538E-03 6.0406E+04 2.4725E-03 6.2324E+04 2.4957E-03
6.4302E+04 2.5108E-03 6.6453E+04 2.7891E-03 6.8559E+04 2.2675E-03
7.0622E+04 2.5811E-03 7.2864E+04 2.5117E-03 7.5177E+04 2.5551E-03
7.7563E+04 2.5604E-03 8.0025E+04 2.5365E-03 8.2565E+04 2.5506E-03
8.5186E+04 2.5572E-03 8.7890E+04 2.5847E-03 9.0680E+04 2.5777E-03
9.3559E+04 2.5181E-03 9.6529E+04 2.6784E-03 9.9594E+04 2.6318E-03
1.0276E+05 2.5647E-03 1.0602E+05 2.5633E-03 1.0938E+05 2.6084E-03
1.1286E+05 2.5536E-03 1.1644E+05 2.6270E-03 1.2014E+05 2.6053E-03
1.2395E+05 2.6170E-03 1.2788E+05 2.6023E-03 1.3194E+05 2.5862E-03
1.3613E+05 2.6194E-03 1.4045E+05 2.6629E-03 1.4491E+05 2.6231E-03
1.4951E+05 2.5974E-03 1.5425E+05 2.5852E-03 1.5915E+05 2.7050E-03
1.6421E+05 2.7296E-03 1.6942E+05 2.7747E-03 1.7479E+05 2.7330E-03
1.8076E+05 3.1222E-03 1.8649E+05 2.3528E-03 1.9197E+05 2.7636E-03
1.9807E+05 2.7965E-03 2.0435E+05 2.8164E-03 2.1084E+05 2.8126E-03
2.1753E+05 2.8301E-03 2.2444E+05 2.8410E-03 2.3156E+05 2.7411E-03
2.3891E+05 2.7651E-03 2.4649E+05 2.8595E-03 2.5432E+05 2.8217E-03
2.6239E+05 2.8384E-03 2.7072E+05 2.8566E-03 2.7932E+05 2.8767E-03
2.8818E+05 2.9249E-03 2.9784E+05 3.2459E-03 3.0728E+05 2.6102E-03
3.1651E+05 2.9077E-03 3.2655E+05 2.9697E-03 3.3692E+05 2.9538E-03
3.4761E+05 2.9572E-03 3.5865E+05 2.9512E-03 3.7003E+05 2.9844E-03
3.8178E+05 2.9702E-03 3.9390E+05 2.9485E-03 4.0640E+05 3.0382E-03
4.1930E+05 3.0638E-03 4.3261E+05 3.0436E-03 4.4635E+05 3.0637E-03
4.6052E+05 3.0525E-03 4.7513E+05 3.1121E-03 4.9128E+05 3.6069E-03
5.0684E+05 2.6386E-03 5.2183E+05 3.1337E-03 5.3839E+05 3.1060E-03
5.5548E+05 3.1261E-03 5.7312E+05 3.2208E-03 5.9131E+05 3.2168E-03
6.1008E+05 3.2131E-03 6.2945E+05 3.2413E-03 6.4943E+05 3.2556E-03
6.7004E+05 3.2787E-03 6.9131E+05 3.3027E-03 7.1326E+05 3.2975E-03
7.3590E+05 3.3153E-03 7.5926E+05 3.3685E-03 7.8336E+05 3.3700E-03
8.0930E+05 3.7178E-03 8.3496E+05 3.0397E-03 8.6035E+05 3.3869E-03
8.8766E+05 3.4378E-03 9.1584E+05 3.5400E-03 9.4491E+05 3.6077E-03
9.7490E+05 3.4949E-03 1.0059E+06 3.5524E-03 1.0378E+06 3.6995E-03
1.0707E+06 3.7014E-03 1.1047E+06 3.6079E-03 1.1398E+06 3.6511E-03
1.1760E+06 3.7454E-03 1.2133E+06 3.7569E-03 1.2518E+06 3.8015E-03
1.2916E+06 3.8200E-03 1.3324E+06 3.8868E-03 1.3747E+06 3.8038E-03
1.4185E+06 3.9376E-03 1.4635E+06 4.0372E-03 1.5100E+06 4.1317E-03
1.5579E+06 3.9496E-03 1.6074E+06 4.0648E-03 1.6584E+06 3.9559E-03
1.7112E+06 3.9367E-03 1.7655E+06 3.8667E-03 1.8214E+06 3.9554E-03
1.8792E+06 4.0324E-03 1.9388E+06 4.0997E-03 2.0004E+06 4.1702E-03
2.0639E+06 3.5909E-03 2.1294E+06 3.8709E-03 2.1973E+06 3.7886E-03
2.2671E+06 3.5820E-03 2.3387E+06 3.6695E-03 2.4129E+06 3.6233E-03
2.4895E+06 3.6951E-03 2.5686E+06 3.5597E-03 2.6501E+06 3.5049E-03
2.7342E+06 3.1759E-03 2.8210E+06 2.6688E-03 2.9105E+06 1.9730E-03
3.0029E+06 3.2745E-03 3.0982E+06 2.8019E-03 3.1966E+06 2.2286E-03
3.2981E+06 2.0536E-03 3.4028E+06 1.9381E-03 3.5108E+06 2.0220E-03
3.6228E+06 2.1541E-03 3.7378E+06 2.3320E-03 3.8559E+06 2.5911E-03
3.9783E+06 2.9146E-03 4.0722E+06 1.5707E-03 4.1363E+06 1.6084E-03
4.2015E+06 1.3862E-03 4.2677E+06 1.3169E-03 4.3349E+06 1.3970E-03
4.4031E+06 1.4430E-03 4.4725E+06 1.5564E-03 4.5429E+06 1.6023E-03
4.6144E+06 1.6485E-03 4.6871E+06 1.6550E-03 4.7609E+06 1.6813E-03
4.8358E+06 1.6326E-03 4.9120E+06 1.4514E-03 4.9894E+06 1.5872E-03
5.0679E+06 1.4585E-03 5.1477E+06 1.4855E-03 5.2288E+06 1.6210E-03
5.3111E+06 1.5176E-03 5.3948E+06 1.1604E-03 5.4797E+06 1.5700E-03
5.5660E+06 1.6317E-03 5.6537E+06 1.5177E-03 5.7427E+06 1.6742E-03
5.8332E+06 1.5018E-03 5.9250E+06 1.4554E-03 6.0207E+06 1.3419E-03
6.1154E+06 1.2279E-03 6.2093E+06 1.2133E-03 6.3071E+06 7.9885E-04
6.4065E+06 1.2452E-03 6.5074E+06 1.4458E-03 6.6098E+06 1.6603E-03
6.7139E+06 1.6581E-03 6.8196E+06 1.6058E-03 6.9270E+06 1.6630E-03
7.0361E+06 1.7955E-03 7.1469E+06 1.7336E-03 7.2595E+06 1.4446E-03
7.3738E+06 8.3664E-04 7.4899E+06 8.5016E-04 7.6079E+06 8.9590E-04
7.7287E+06 7.5069E-04 7.8503E+06 7.0401E-04 7.9729E+06 7.4211E-04
8.0985E+06 7.8887E-04 8.2261E+06 9.5905E-04 8.3556E+06 1.0408E-03
8.4871E+06 1.0363E-03 8.6208E+06 9.6554E-04 8.7566E+06 9.5305E-04
8.8945E+06 8.9875E-04 9.0345E+06 8.4739E-04 9.1768E+06 8.2006E-04
9.3213E+06 8.1435E-04 9.4681E+06 9.2551E-04 9.6172E+06 1.0255E-03
9.7687E+06 1.0319E-03 9.9225E+06 1.1839E-03 1.0063E+07 9.9635E-04
1.0188E+07 1.0103E-03 1.0313E+07 9.7888E-04 1.0438E+07 1.0063E-03
1.0563E+07 9.8528E-04 1.0688E+07 9.4301E-04 1.0813E+07 8.9233E-04
1.0938E+07 8.3826E-04 1.1063E+07 8.5566E-04 1.1188E+07 8.1483E-04
1.1313E+07 8.4463E-04 1.1438E+07 9.0174E-04 1.1563E+07 8.4822E-04
1.1688E+07 8.7025E-04 1.1813E+07 8.9420E-04 1.1938E+07 9.2109E-04
1.2063E+07 9.0207E-04 1.2188E+07 9.4785E-04 1.2313E+07 1.0610E-03
1.2438E+07 1.2544E-03 1.2563E+07 1.1898E-03 1.2688E+07 1.2043E-03
1.2813E+07 1.3231E-03 1.2938E+07 1.3643E-03 1.3063E+07 1.3412E-03
1.3188E+07 1.3965E-03 1.3313E+07 1.2842E-03 1.3438E+07 1.2391E-03
1.3563E+07 1.3227E-03 1.3688E+07 1.3695E-03 1.3813E+07 1.3640E-03
1.3938E+07 1.4057E-03 1.4063E+07 1.3681E-03 1.4188E+07 1.2967E-03
1.4313E+07 1.2291E-03 1.4438E+07 1.2860E-03 1.4563E+07 1.2701E-03
1.4688E+07 1.1499E-03 1.4813E+07 1.1283E-03 1.4938E+07 1.0705E-03
1.5063E+07 1.1237E-03 1.5188E+07 1.0855E-03 1.5313E+07 1.1974E-03
1.5438E+07 1.2103E-03 1.5563E+07 1.1288E-03 1.5688E+07 1.2979E-03
1.5813E+07 1.4659E-03 1.5938E+07 1.3775E-03 1.6063E+07 1.4525E-03
1.6188E+07 1.5833E-03 1.6313E+07 1.5479E-03 1.6438E+07 1.7973E-03
1.6563E+07 1.9599E-03 1.6688E+07 2.1779E-03 1.6813E+07 2.4358E-03
1.6938E+07 2.6678E-03 1.7063E+07 2.9616E-03 1.7188E+07 3.5064E-03
1.7313E+07 5.1296E-03 1.7438E+07 7.5515E-03 1.7563E+07 7.5871E-03
1.7688E+07 7.5584E-03 1.7813E+07 7.4656E-03 1.7938E+07 7.1419E-03
1.8063E+07 7.3212E-03 1.8188E+07 7.0292E-03 1.8313E+07 6.8194E-03
1.8438E+07 6.8086E-03 1.8563E+07 6.5107E-03 1.8688E+07 6.3214E-03
1.8813E+07 6.1854E-03 1.8938E+07 5.9493E-03 1.9063E+07 5.6101E-03
1.9188E+07 5.3661E-03 1.9313E+07 4.9021E-03 1.9438E+07 4.3324E-03
1.9563E+07 3.7988E-03 1.9688E+07 4.0157E-04 1.9813E+07 1.0000E-10
1.9938E+07 1.0000E-10  /
