# This is a TAB1 data format for custom weighting spectrums
# The records are as follows:
# 0.0 0.0 0 0 NR NPP
# RANGE_END INTERPOLATION_TYPE
# NPPxENERGY-VALUE pairs
#
# NR = Number of Ranges
# NPP = Total number of points
# RANGE_END = Number of points where current range ends
# INTERPOLATION_TYPE = 2=linear-linear
#
0.0        0.0        0          0          1          619
619        2
5.0000E-06 6.9518E-07 1.7845E-05 3.3017E-06 3.4023E-05 6.1158E-06
5.6095E-05 1.6172E-05 9.2487E-05 4.5186E-05 1.2707E-04 3.7693E-05
1.6442E-04 8.9088E-05 2.1679E-04 1.4021E-04 2.7836E-04 2.0818E-04
3.5742E-04 3.5797E-04 4.5893E-04 5.8019E-04 5.8928E-04 9.8125E-04
7.5665E-04 1.5990E-03 9.7157E-04 2.6084E-03 1.1651E-03 1.8104E-03
1.3202E-03 2.3721E-03 1.4960E-03 2.9879E-03 1.6952E-03 3.8390E-03
1.9209E-03 4.8845E-03 2.1767E-03 6.2390E-03 2.4666E-03 7.9472E-03
2.7950E-03 1.0011E-02 3.1671E-03 1.2761E-02 3.5888E-03 1.6053E-02
4.0666E-03 2.0418E-02 4.6081E-03 2.5530E-02 5.2216E-03 3.1988E-02
5.9169E-03 3.9713E-02 6.7047E-03 4.9628E-02 7.5974E-03 6.1508E-02
8.6090E-03 7.6323E-02 9.7552E-03 9.2887E-02 1.0699E-02 5.4490E-02
1.1389E-02 5.9528E-02 1.2123E-02 6.5627E-02 1.2905E-02 7.2402E-02
1.3737E-02 7.9599E-02 1.4623E-02 8.6898E-02 1.5566E-02 9.4770E-02
1.6570E-02 1.0356E-01 1.7639E-02 1.1208E-01 1.8777E-02 1.2141E-01
1.9988E-02 1.3151E-01 2.1277E-02 1.4113E-01 2.2649E-02 1.5192E-01
2.4109E-02 1.6204E-01 2.5664E-02 1.7287E-01 2.7320E-02 1.8439E-01
2.9082E-02 1.9449E-01 3.0957E-02 2.0480E-01 3.2954E-02 2.1476E-01
3.5079E-02 2.2326E-01 3.7341E-02 2.3257E-01 3.9749E-02 2.3985E-01
4.2313E-02 2.4614E-01 4.5042E-02 2.5048E-01 4.7947E-02 2.5423E-01
5.1039E-02 2.5441E-01 5.4331E-02 2.5429E-01 5.7835E-02 2.5263E-01
6.1565E-02 2.4720E-01 6.5536E-02 2.4035E-01 6.9762E-02 2.3147E-01
7.4261E-02 2.2041E-01 7.9051E-02 2.0838E-01 8.4149E-02 1.9403E-01
8.9576E-02 1.7906E-01 9.5353E-02 1.6241E-01 1.0150E-01 1.4652E-01
1.0805E-01 1.2994E-01 1.1502E-01 1.1360E-01 1.2244E-01 9.8493E-02
1.3033E-01 8.3815E-02 1.3874E-01 7.0736E-02 1.4754E-01 5.6760E-02
1.5706E-01 5.0008E-02 1.6735E-01 3.9284E-02 1.7815E-01 3.2306E-02
1.8964E-01 2.6675E-02 2.0187E-01 2.2098E-02 2.1488E-01 1.8439E-02
2.2874E-01 1.5819E-02 2.4350E-01 1.3909E-02 2.5920E-01 1.2538E-02
2.7591E-01 1.1742E-02 2.9371E-01 1.1173E-02 3.1265E-01 1.0824E-02
3.3282E-01 1.0539E-02 3.5428E-01 1.0261E-02 3.7713E-01 1.0112E-02
4.0146E-01 9.9770E-03 4.2735E-01 9.8016E-03 4.5491E-01 9.8291E-03
4.8425E-01 9.5479E-03 5.1548E-01 9.6308E-03 5.4872E-01 9.5800E-03
5.8411E-01 9.5614E-03 6.2179E-01 9.5063E-03 6.6189E-01 9.4288E-03
7.0457E-01 9.3403E-03 7.5001E-01 9.4109E-03 7.9838E-01 9.2707E-03
8.4988E-01 9.4111E-03 9.0469E-01 9.4141E-03 9.6304E-01 9.2194E-03
1.0252E+00 9.1176E-03 1.0936E+00 9.9234E-03 1.1640E+00 8.5400E-03
1.2366E+00 9.2596E-03 1.3163E+00 9.2098E-03 1.4012E+00 9.1648E-03
1.4916E+00 9.2003E-03 1.5878E+00 9.1080E-03 1.6902E+00 9.2229E-03
1.7992E+00 9.1191E-03 1.9152E+00 9.1360E-03 2.0387E+00 9.1871E-03
2.1702E+00 9.1290E-03 2.3102E+00 9.1961E-03 2.4592E+00 9.0922E-03
2.6178E+00 9.0973E-03 2.7867E+00 9.1616E-03 2.9669E+00 9.0681E-03
3.1582E+00 9.1547E-03 3.3613E+00 9.0894E-03 3.5781E+00 9.1109E-03
3.8089E+00 9.1380E-03 4.0546E+00 9.1696E-03 4.3160E+00 9.1626E-03
4.5944E+00 9.2963E-03 4.8907E+00 9.1628E-03 5.2062E+00 9.2193E-03
5.5419E+00 9.1722E-03 5.8993E+00 9.2747E-03 6.2798E+00 9.1940E-03
6.6848E+00 9.1994E-03 7.1159E+00 9.2627E-03 7.5749E+00 9.1923E-03
8.0658E+00 9.2864E-03 8.5858E+00 9.2930E-03 9.1370E+00 9.5381E-03
9.7262E+00 9.3513E-03 1.0354E+01 9.2929E-03 1.1022E+01 9.2439E-03
1.1733E+01 9.2548E-03 1.2489E+01 9.3100E-03 1.3295E+01 9.3823E-03
1.4152E+01 9.3270E-03 1.5065E+01 9.4096E-03 1.6036E+01 9.3212E-03
1.7071E+01 9.3069E-03 1.8172E+01 9.3538E-03 1.9343E+01 9.2944E-03
2.0591E+01 9.4217E-03 2.1917E+01 9.3154E-03 2.3331E+01 9.4606E-03
2.4837E+01 9.4890E-03 2.6439E+01 9.3594E-03 2.8144E+01 9.5897E-03
2.9959E+01 9.4588E-03 3.1892E+01 9.4214E-03 3.3949E+01 9.3825E-03
3.6138E+01 9.6318E-03 3.8469E+01 9.4919E-03 4.0949E+01 9.5918E-03
4.3590E+01 9.5688E-03 4.6402E+01 9.5978E-03 4.9394E+01 9.4911E-03
5.2580E+01 9.6656E-03 5.5971E+01 9.5113E-03 5.9560E+01 9.3466E-03
6.3403E+01 9.6866E-03 6.7514E+01 9.6096E-03 7.1868E+01 9.5930E-03
7.6503E+01 9.6012E-03 8.1437E+01 9.7953E-03 8.6690E+01 9.7533E-03
9.2281E+01 9.7328E-03 9.8232E+01 9.7059E-03 1.0457E+02 9.7221E-03
1.1131E+02 9.7955E-03 1.1849E+02 9.7863E-03 1.2613E+02 9.7364E-03
1.3427E+02 9.7883E-03 1.4293E+02 9.7796E-03 1.5215E+02 9.7560E-03
1.6195E+02 9.7523E-03 1.7240E+02 9.7669E-03 1.8352E+02 9.7288E-03
1.9536E+02 9.8296E-03 2.0796E+02 9.7908E-03 2.2137E+02 9.8365E-03
2.3565E+02 9.9736E-03 2.5085E+02 9.9418E-03 2.6702E+02 9.8065E-03
2.8424E+02 9.8828E-03 3.0258E+02 9.8900E-03 3.2209E+02 9.8997E-03
3.4286E+02 9.9754E-03 3.6498E+02 1.0021E-02 3.8852E+02 1.0011E-02
4.1357E+02 1.0034E-02 4.4025E+02 9.8678E-03 4.6864E+02 1.0031E-02
4.9887E+02 1.0094E-02 5.3104E+02 1.0114E-02 5.6529E+02 1.0053E-02
6.0175E+02 1.0115E-02 6.4056E+02 1.0061E-02 6.8187E+02 9.9785E-03
7.2585E+02 1.0195E-02 7.7266E+02 1.0180E-02 8.2249E+02 1.0108E-02
8.7553E+02 1.0174E-02 9.3200E+02 1.0234E-02 9.9211E+02 1.0156E-02
1.0394E+03 5.1449E-03 1.0724E+03 5.0975E-03 1.1064E+03 5.1502E-03
1.1415E+03 5.0939E-03 1.1777E+03 5.1012E-03 1.2156E+03 5.4176E-03
1.2542E+03 5.0316E-03 1.2935E+03 5.1124E-03 1.3346E+03 4.9831E-03
1.3769E+03 5.1618E-03 1.4206E+03 5.1659E-03 1.4657E+03 5.2163E-03
1.5123E+03 5.1771E-03 1.5603E+03 5.1720E-03 1.6098E+03 5.1383E-03
1.6609E+03 5.0910E-03 1.7136E+03 5.2761E-03 1.7680E+03 5.1403E-03
1.8241E+03 5.1392E-03 1.8820E+03 5.2048E-03 1.9418E+03 5.1381E-03
2.0034E+03 5.1902E-03 2.0670E+03 5.2945E-03 2.1326E+03 5.1843E-03
2.2003E+03 5.2381E-03 2.2702E+03 5.2011E-03 2.3422E+03 5.1920E-03
2.4166E+03 5.1873E-03 2.4933E+03 5.2899E-03 2.5724E+03 5.1670E-03
2.6541E+03 5.2096E-03 2.7383E+03 5.1995E-03 2.8253E+03 5.2483E-03
2.9149E+03 5.2775E-03 3.0074E+03 5.1601E-03 3.1029E+03 5.2479E-03
3.2014E+03 5.3024E-03 3.3007E+03 5.0775E-03 3.4056E+03 5.5011E-03
3.5161E+03 5.2262E-03 3.6277E+03 5.2616E-03 3.7428E+03 5.2939E-03
3.8617E+03 5.3387E-03 3.9842E+03 5.2650E-03 4.1107E+03 5.2021E-03
4.2412E+03 5.3036E-03 4.3758E+03 5.3316E-03 4.5147E+03 5.3650E-03
4.6580E+03 5.3482E-03 4.8059E+03 5.3142E-03 4.9584E+03 5.3007E-03
5.1159E+03 5.2431E-03 5.2783E+03 5.3863E-03 5.4458E+03 5.3485E-03
5.6186E+03 5.3755E-03 5.7970E+03 5.3374E-03 5.9810E+03 5.2835E-03
6.1709E+03 5.3593E-03 6.3668E+03 5.2393E-03 6.5689E+03 5.3197E-03
6.7774E+03 5.3501E-03 6.9925E+03 5.3003E-03 7.2145E+03 5.4486E-03
7.4435E+03 5.4792E-03 7.6798E+03 5.4517E-03 7.9235E+03 5.3759E-03
8.1751E+03 5.3492E-03 8.4346E+03 5.4194E-03 8.7023E+03 5.4068E-03
8.9792E+03 5.4370E-03 9.2642E+03 5.3346E-03 9.5576E+03 5.3856E-03
9.8610E+03 5.4189E-03 1.0174E+04 5.4429E-03 1.0497E+04 5.3754E-03
1.0830E+04 5.4206E-03 1.1174E+04 5.4098E-03 1.1529E+04 5.4996E-03
1.1895E+04 5.4065E-03 1.2272E+04 5.4884E-03 1.2662E+04 5.5235E-03
1.3064E+04 5.3937E-03 1.3479E+04 5.5394E-03 1.3907E+04 5.5102E-03
1.4348E+04 5.4476E-03 1.4803E+04 5.4907E-03 1.5273E+04 5.4732E-03
1.5758E+04 5.4707E-03 1.6258E+04 5.4933E-03 1.6774E+04 5.5019E-03
1.7307E+04 5.5323E-03 1.7856E+04 5.4379E-03 1.8423E+04 5.5618E-03
1.9008E+04 5.4567E-03 1.9611E+04 5.5110E-03 2.0234E+04 5.5536E-03
2.0876E+04 5.5007E-03 2.1539E+04 5.5254E-03 2.2222E+04 5.5924E-03
2.2928E+04 5.4298E-03 2.3656E+04 5.5940E-03 2.4413E+04 5.6322E-03
2.5187E+04 5.5541E-03 2.5980E+04 5.5223E-03 2.6805E+04 5.5233E-03
2.7656E+04 5.5694E-03 2.8534E+04 5.5486E-03 2.9440E+04 5.6670E-03
3.0375E+04 5.5689E-03 3.1339E+04 5.6182E-03 3.2333E+04 5.5833E-03
3.3359E+04 5.7082E-03 3.4418E+04 5.6942E-03 3.5511E+04 5.5828E-03
3.6638E+04 5.6604E-03 3.7801E+04 5.7096E-03 3.9001E+04 5.5835E-03
4.0239E+04 5.7257E-03 4.1517E+04 5.5211E-03 4.2835E+04 5.5636E-03
4.4194E+04 5.6631E-03 4.5597E+04 5.6218E-03 4.7044E+04 5.7239E-03
4.8538E+04 5.7243E-03 5.0079E+04 5.7176E-03 5.1668E+04 5.7463E-03
5.3308E+04 5.7617E-03 5.5001E+04 5.7261E-03 5.6747E+04 5.6991E-03
5.8548E+04 5.8539E-03 6.0406E+04 5.7575E-03 6.2324E+04 5.6745E-03
6.4302E+04 5.8365E-03 6.6453E+04 6.4599E-03 6.8559E+04 5.1666E-03
7.0622E+04 5.8389E-03 7.2864E+04 5.8765E-03 7.5177E+04 5.9320E-03
7.7563E+04 5.8127E-03 8.0025E+04 5.9384E-03 8.2565E+04 5.8139E-03
8.5186E+04 5.7881E-03 8.7890E+04 5.8777E-03 9.0680E+04 5.9506E-03
9.3559E+04 5.8535E-03 9.6529E+04 5.8975E-03 9.9594E+04 5.9171E-03
1.0276E+05 5.8976E-03 1.0602E+05 5.7736E-03 1.0938E+05 5.9505E-03
1.1286E+05 5.8851E-03 1.1644E+05 5.9514E-03 1.2014E+05 5.9296E-03
1.2395E+05 6.0939E-03 1.2788E+05 6.0492E-03 1.3194E+05 5.9420E-03
1.3613E+05 5.8938E-03 1.4045E+05 6.0127E-03 1.4491E+05 5.9627E-03
1.4951E+05 6.0700E-03 1.5425E+05 5.9687E-03 1.5915E+05 5.8910E-03
1.6421E+05 6.0562E-03 1.6942E+05 6.0541E-03 1.7479E+05 6.0410E-03
1.8076E+05 6.9462E-03 1.8649E+05 5.1100E-03 1.9197E+05 6.0448E-03
1.9807E+05 6.0275E-03 2.0435E+05 5.9131E-03 2.1084E+05 6.0461E-03
2.1753E+05 6.0930E-03 2.2444E+05 6.1064E-03 2.3156E+05 5.9873E-03
2.3891E+05 5.8775E-03 2.4649E+05 5.8891E-03 2.5432E+05 5.8099E-03
2.6239E+05 6.0190E-03 2.7072E+05 5.9746E-03 2.7932E+05 5.8599E-03
2.8818E+05 5.6437E-03 2.9784E+05 5.9096E-03 3.0728E+05 4.6740E-03
3.1651E+05 5.4027E-03 3.2655E+05 5.6511E-03 3.3692E+05 5.6722E-03
3.4761E+05 4.9999E-03 3.5865E+05 4.1873E-03 3.7003E+05 3.4157E-03
3.8178E+05 3.2904E-03 3.9390E+05 3.4356E-03 4.0640E+05 3.4455E-03
4.1930E+05 3.0236E-03 4.3261E+05 2.7023E-03 4.4635E+05 3.3453E-03
4.6052E+05 4.8846E-03 4.7513E+05 6.5197E-03 4.9128E+05 8.8727E-03
5.0684E+05 7.3595E-03 5.2183E+05 8.9661E-03 5.3839E+05 9.2513E-03
5.5548E+05 9.2683E-03 5.7312E+05 9.6760E-03 5.9131E+05 9.6022E-03
6.1008E+05 9.8318E-03 6.2945E+05 9.7177E-03 6.4943E+05 9.9098E-03
6.7004E+05 9.7733E-03 6.9131E+05 9.8078E-03 7.1326E+05 9.7669E-03
7.3590E+05 9.9131E-03 7.5926E+05 1.0068E-02 7.8336E+05 1.0155E-02
8.0930E+05 1.0178E-02 8.3496E+05 8.8292E-03 8.6035E+05 8.1618E-03
8.8766E+05 6.6630E-03 9.1584E+05 5.6830E-03 9.4491E+05 4.4347E-03
9.7490E+05 3.3887E-03 1.0059E+06 2.9194E-03 1.0378E+06 3.2703E-03
1.0707E+06 4.0824E-03 1.1047E+06 4.5146E-03 1.1398E+06 4.8945E-03
1.1760E+06 4.9021E-03 1.2133E+06 4.8792E-03 1.2518E+06 4.5337E-03
1.2916E+06 2.7578E-03 1.3324E+06 1.9515E-03 1.3747E+06 1.0000E-10
1.4185E+06 1.0000E-10 1.4635E+06 1.0000E-10 1.5100E+06 1.0000E-10
1.5579E+06 1.0000E-10 1.6074E+06 1.0000E-10 1.6584E+06 1.0000E-10
1.7112E+06 1.0000E-10 1.7655E+06 1.0000E-10 1.8214E+06 1.0000E-10
1.8792E+06 1.0000E-10 1.9388E+06 1.0000E-10 2.0004E+06 1.0000E-10
2.0639E+06 1.0000E-10 2.1294E+06 1.0000E-10 2.1973E+06 1.0000E-10
2.2671E+06 1.0000E-10 2.3387E+06 1.0000E-10 2.4129E+06 1.0000E-10
2.4895E+06 1.0000E-10 2.5686E+06 1.0000E-10 2.6501E+06 1.0000E-10
2.7342E+06 1.0000E-10 2.8210E+06 1.0000E-10 2.9105E+06 1.0000E-10
3.0029E+06 1.0000E-10 3.0982E+06 1.0000E-10 3.1966E+06 1.0000E-10
3.2981E+06 1.0000E-10 3.4028E+06 1.0000E-10 3.5108E+06 1.0000E-10
3.6228E+06 1.0000E-10 3.7378E+06 1.0000E-10 3.8559E+06 1.0000E-10
3.9783E+06 1.0000E-10 4.0722E+06 1.0000E-10 4.1363E+06 1.0000E-10
4.2015E+06 1.0000E-10 4.2677E+06 1.0000E-10 4.3349E+06 1.0000E-10
4.4031E+06 1.0000E-10 4.4725E+06 1.0000E-10 4.5429E+06 1.0000E-10
4.6144E+06 1.0000E-10 4.6871E+06 1.0000E-10 4.7609E+06 1.0000E-10
4.8358E+06 1.0000E-10 4.9120E+06 1.0000E-10 4.9894E+06 1.0000E-10
5.0679E+06 1.0000E-10 5.1477E+06 1.0000E-10 5.2288E+06 1.0000E-10
5.3111E+06 1.0000E-10 5.3948E+06 1.0000E-10 5.4797E+06 1.0000E-10
5.5660E+06 1.0000E-10 5.6537E+06 1.0000E-10 5.7427E+06 1.0000E-10
5.8332E+06 1.0000E-10 5.9250E+06 1.0000E-10 6.0207E+06 1.0000E-10
6.1154E+06 1.0000E-10 6.2093E+06 1.0000E-10 6.3071E+06 1.0000E-10
6.4065E+06 1.0000E-10 6.5074E+06 1.0000E-10 6.6098E+06 1.0000E-10
6.7139E+06 1.0000E-10 6.8196E+06 1.0000E-10 6.9270E+06 1.0000E-10
7.0361E+06 1.0000E-10 7.1469E+06 1.0000E-10 7.2595E+06 1.0000E-10
7.3738E+06 1.0000E-10 7.4899E+06 1.0000E-10 7.6079E+06 1.0000E-10
7.7287E+06 1.0000E-10 7.8503E+06 1.0000E-10 7.9729E+06 1.0000E-10
8.0985E+06 1.0000E-10 8.2261E+06 1.0000E-10 8.3556E+06 1.0000E-10
8.4871E+06 1.0000E-10 8.6208E+06 1.0000E-10 8.7566E+06 1.0000E-10
8.8945E+06 1.0000E-10 9.0345E+06 1.0000E-10 9.1768E+06 1.0000E-10
9.3213E+06 1.0000E-10 9.4681E+06 1.0000E-10 9.6172E+06 1.0000E-10
9.7687E+06 1.0000E-10 9.9225E+06 1.0000E-10 1.0063E+07 1.0000E-10
1.0188E+07 1.0000E-10 1.0313E+07 1.0000E-10 1.0438E+07 1.0000E-10
1.0563E+07 1.0000E-10 1.0688E+07 1.0000E-10 1.0813E+07 1.0000E-10
1.0938E+07 1.0000E-10 1.1063E+07 1.0000E-10 1.1188E+07 1.0000E-10
1.1313E+07 1.0000E-10 1.1438E+07 1.0000E-10 1.1563E+07 1.0000E-10
1.1688E+07 1.0000E-10 1.1813E+07 1.0000E-10 1.1938E+07 1.0000E-10
1.2063E+07 1.0000E-10 1.2188E+07 1.0000E-10 1.2313E+07 1.0000E-10
1.2438E+07 1.0000E-10 1.2563E+07 1.0000E-10 1.2688E+07 1.0000E-10
1.2813E+07 1.0000E-10 1.2938E+07 1.0000E-10 1.3063E+07 1.0000E-10
1.3188E+07 1.0000E-10 1.3313E+07 1.0000E-10 1.3438E+07 1.0000E-10
1.3563E+07 1.0000E-10 1.3688E+07 1.0000E-10 1.3813E+07 1.0000E-10
1.3938E+07 1.0000E-10 1.4063E+07 1.0000E-10 1.4188E+07 1.0000E-10
1.4313E+07 1.0000E-10 1.4438E+07 1.0000E-10 1.4563E+07 1.0000E-10
1.4688E+07 1.0000E-10 1.4813E+07 1.0000E-10 1.4938E+07 1.0000E-10
1.5063E+07 1.0000E-10 1.5188E+07 1.0000E-10 1.5313E+07 1.0000E-10
1.5438E+07 1.0000E-10 1.5563E+07 1.0000E-10 1.5688E+07 1.0000E-10
1.5813E+07 1.0000E-10 1.5938E+07 1.0000E-10 1.6063E+07 1.0000E-10
1.6188E+07 1.0000E-10 1.6313E+07 1.0000E-10 1.6438E+07 1.0000E-10
1.6563E+07 1.0000E-10 1.6688E+07 1.0000E-10 1.6813E+07 1.0000E-10
1.6938E+07 1.0000E-10 1.7063E+07 1.0000E-10 1.7188E+07 1.0000E-10
1.7313E+07 1.0000E-10 1.7438E+07 1.0000E-10 1.7563E+07 1.0000E-10
1.7688E+07 1.0000E-10 1.7813E+07 1.0000E-10 1.7938E+07 1.0000E-10
1.8063E+07 1.0000E-10 1.8188E+07 1.0000E-10 1.8313E+07 1.0000E-10
1.8438E+07 1.0000E-10 1.8563E+07 1.0000E-10 1.8688E+07 1.0000E-10
1.8813E+07 1.0000E-10 1.8938E+07 1.0000E-10 1.9063E+07 1.0000E-10
1.9188E+07 1.0000E-10 1.9313E+07 1.0000E-10 1.9438E+07 1.0000E-10
1.9563E+07 1.0000E-10 1.9688E+07 1.0000E-10 1.9813E+07 1.0000E-10
1.9938E+07 1.0000E-10  /
